E
-6.800006E+02
-6.800042E+02
-6.799914E+02
-6.799949E+02
-6.799852E+02
-6.799894E+02
-6.799860E+02
-6.799927E+02
-6.799947E+02
-6.799901E+02
-6.800090E+02
-6.800018E+02
-6.799955E+02
-6.799866E+02
-6.799812E+02
-6.799773E+02
-6.799771E+02
-6.799788E+02
-6.799834E+02
-6.799796E+02
-6.799860E+02
-6.799975E+02
-6.800019E+02
-6.799967E+02
-6.799891E+02
-6.799878E+02
-6.799876E+02
-6.799853E+02
-6.799865E+02
-6.799967E+02
-6.800001E+02
-6.800008E+02
-6.799965E+02
-6.799896E+02
-6.799873E+02
-6.799809E+02
-6.799760E+02
-6.799678E+02
-6.799658E+02
-6.799745E+02
-6.799745E+02
-6.799794E+02
-6.799799E+02
-6.799840E+02
-6.799858E+02
-6.799903E+02
-6.799890E+02
-6.799791E+02
-6.799804E+02
-6.799845E+02
-6.799783E+02
-6.799840E+02
-6.799868E+02
-6.799855E+02
-6.799875E+02
-6.799876E+02
-6.799809E+02
-6.799784E+02
-6.799922E+02
-6.799875E+02
-6.799835E+02
-6.799794E+02
-6.799783E+02
-6.799794E+02
-6.799740E+02
-6.799760E+02
-6.799927E+02
-6.799881E+02
-6.799779E+02
-6.799791E+02
-6.799758E+02
-6.799753E+02
-6.799850E+02
-6.799875E+02
-6.799909E+02
-6.799848E+02
-6.799825E+02
-6.799796E+02
-6.799686E+02
-6.799770E+02
-6.799755E+02
-6.799745E+02
-6.799737E+02
-6.799745E+02
-6.799707E+02
-6.799666E+02
-6.799768E+02
-6.799699E+02
-6.799758E+02
-6.799730E+02
-6.799635E+02
-6.799663E+02
-6.799689E+02
-6.799612E+02
-6.799609E+02
-6.799683E+02
-6.799791E+02
-6.799770E+02
-6.799832E+02
-6.799871E+02
-6.799799E+02
-6.799809E+02
-6.799812E+02
-6.799802E+02
-6.799894E+02
-6.799888E+02
-6.799891E+02
-6.799837E+02
-6.799853E+02
-6.799809E+02
-6.799809E+02
-6.799822E+02
-6.799848E+02
-6.799781E+02
-6.799794E+02
-6.799804E+02
-6.799860E+02
-6.799926E+02
-6.799881E+02
-6.799840E+02
-6.799888E+02
-6.799888E+02
-6.799858E+02
-6.799832E+02
-6.799745E+02
-6.799725E+02
-6.799768E+02
-6.799829E+02
-6.799829E+02
-6.799740E+02
-6.799814E+02
-6.799799E+02
-6.799817E+02
-6.799794E+02
-6.799897E+02
-6.799827E+02
-6.799855E+02
-6.799817E+02
-6.799819E+02
-6.799904E+02
-6.799960E+02
-6.799850E+02
-6.799904E+02
-6.799930E+02
-6.799955E+02
-6.800068E+02
-6.800086E+02
-6.799973E+02
-6.799960E+02
-6.799837E+02
-6.799807E+02
-6.799766E+02
-6.799776E+02
-6.799668E+02
-6.799648E+02
-6.799701E+02
-6.799676E+02
-6.799678E+02
-6.799661E+02
-6.799794E+02
-6.799760E+02
-6.799704E+02
-6.799776E+02
-6.799827E+02
-6.799776E+02
-6.799852E+02
-6.799903E+02
-6.799942E+02
-6.799868E+02
-6.799904E+02
-6.799965E+02
-6.799927E+02
-6.799894E+02
-6.799911E+02
-6.799891E+02
-6.799814E+02
-6.799724E+02
-6.799683E+02
-6.799676E+02
-6.799735E+02
-6.799691E+02
-6.799755E+02
-6.799750E+02
-6.799702E+02
-6.799707E+02
-6.799735E+02
-6.799737E+02
-6.799824E+02
-6.799803E+02
-6.799847E+02
-6.799932E+02
-6.799973E+02
-6.799889E+02
-6.799914E+02
-6.799832E+02
-6.799888E+02
-6.799806E+02
-6.799776E+02
-6.799761E+02
-6.799661E+02
-6.799547E+02
-6.799550E+02
-6.799584E+02
-6.799556E+02
-6.799551E+02
-6.799635E+02
-6.799666E+02
-6.799642E+02
-6.799671E+02
-6.799671E+02
-6.799758E+02
-6.799794E+02
-6.799861E+02
-6.799806E+02
-6.799768E+02
-6.799929E+02
-6.799852E+02
-6.799929E+02
-6.799860E+02
-6.799986E+02
-6.799993E+02
-6.799957E+02
-6.799909E+02
-6.799916E+02
-6.799873E+02
-6.799776E+02
-6.799766E+02
-6.799784E+02
-6.799868E+02
-6.799801E+02
-6.799760E+02
-6.799896E+02
-6.799839E+02
-6.799863E+02
-6.799868E+02
-6.799838E+02
-6.799853E+02
-6.799863E+02
-6.799881E+02
-6.799914E+02
-6.799901E+02
-6.800052E+02
-6.800073E+02
-6.799978E+02
-6.799955E+02
-6.799930E+02
-6.799820E+02
-6.799884E+02
-6.799891E+02
-6.799919E+02
-6.799842E+02
-6.799865E+02
-6.799891E+02
-6.799827E+02
-6.799865E+02
-6.799845E+02
-6.799878E+02
-6.799848E+02
-6.799851E+02
-6.799914E+02
-6.799908E+02
-6.799965E+02
-6.799896E+02
-6.799971E+02
-6.799920E+02
-6.799950E+02
-6.799881E+02
-6.799985E+02
-6.799935E+02
-6.799868E+02
-6.799822E+02
-6.799786E+02
-6.799824E+02
-6.799811E+02
-6.799814E+02
-6.799934E+02
-6.799914E+02
-6.799950E+02
-6.799981E+02
-6.799955E+02
-6.800019E+02
-6.800088E+02
-6.800121E+02
-6.800088E+02
-6.800129E+02
-6.800063E+02
-6.800075E+02
-6.800057E+02
-6.800001E+02
-6.800021E+02
-6.799925E+02
-6.800004E+02
-6.799953E+02
-6.800032E+02
-6.800114E+02
-6.800080E+02
-6.800042E+02
-6.800157E+02
-6.800196E+02
-6.800231E+02
-6.800211E+02
-6.800142E+02
-6.800124E+02
-6.800144E+02
-6.800116E+02
-6.800045E+02
-6.799978E+02
-6.799922E+02
-6.799878E+02
-6.799775E+02
-6.799724E+02
-6.799676E+02
-6.799655E+02
-6.799701E+02
-6.799722E+02
-6.799651E+02
-6.799725E+02
-6.799635E+02
-6.799684E+02
-6.799714E+02
-6.799801E+02
-6.799747E+02
-6.799609E+02
-6.799630E+02
-6.799633E+02
-6.799587E+02
-6.799540E+02
-6.799632E+02
-6.799566E+02
-6.799523E+02
-6.799507E+02
-6.799568E+02
-6.799665E+02
-6.799673E+02
-6.799653E+02
-6.799724E+02
-6.799750E+02
-6.799845E+02
-6.799845E+02
-6.799816E+02
-6.799786E+02
-6.799840E+02
-6.799929E+02
-6.799829E+02
-6.799830E+02
-6.799801E+02
-6.799758E+02
-6.799775E+02
-6.799778E+02
-6.799689E+02
-6.799676E+02
-6.799747E+02
-6.799742E+02
-6.799868E+02
-6.799832E+02
-6.799776E+02
-6.799791E+02
-6.799801E+02
-6.799862E+02
-6.799888E+02
-6.799868E+02
-6.799888E+02
-6.799916E+02
-6.799990E+02
-6.799988E+02
-6.799973E+02
-6.799940E+02
-6.799891E+02
-6.799855E+02
-6.799870E+02
-6.799860E+02
-6.799742E+02
-6.799683E+02
-6.799655E+02
-6.799591E+02
-6.799660E+02
-6.799694E+02
-6.799689E+02
-6.799712E+02
-6.799786E+02
-6.799727E+02
-6.799727E+02
-6.799783E+02
-6.799725E+02
-6.799712E+02
-6.799658E+02
-6.799591E+02
-6.799645E+02
-6.799592E+02
-6.799640E+02
-6.799573E+02
-6.799642E+02
-6.799668E+02
-6.799597E+02
-6.799661E+02
-6.799663E+02
-6.799747E+02
-6.799776E+02
-6.799735E+02
-6.799747E+02
-6.799758E+02
-6.799812E+02
-6.799884E+02
-6.799871E+02
-6.799942E+02
-6.799965E+02
-6.799944E+02
-6.799850E+02
-6.799860E+02
-6.799827E+02
-6.799768E+02
-6.799717E+02
-6.799709E+02
-6.799732E+02
-6.799771E+02
-6.799817E+02
-6.799850E+02
-6.799827E+02
-6.799868E+02
-6.799870E+02
-6.799912E+02
-6.799998E+02
-6.799980E+02
-6.800049E+02
-6.800006E+02
-6.800132E+02
-6.800137E+02
-6.800062E+02
-6.800121E+02
-6.800070E+02
-6.800070E+02
-6.800078E+02
-6.800098E+02
-6.800116E+02
-6.799932E+02
-6.799978E+02
-6.799919E+02
-6.799906E+02
-6.799945E+02
-6.799912E+02
-6.799888E+02
-6.799904E+02
-6.799822E+02
-6.799860E+02
-6.799784E+02
-6.799807E+02
-6.799761E+02
-6.799666E+02
-6.799688E+02
-6.799763E+02
-6.799797E+02
-6.799768E+02
-6.799916E+02
-6.799991E+02
-6.799989E+02
-6.800086E+02
-6.800175E+02
-6.800149E+02
-6.800180E+02
-6.800055E+02
-6.800053E+02
-6.799997E+02
-6.799942E+02
-6.799944E+02
-6.799983E+02
-6.799914E+02
-6.799945E+02
-6.799932E+02
-6.799843E+02
-6.799789E+02
-6.799783E+02
-6.799858E+02
-6.799840E+02
-6.799817E+02
-6.799810E+02
-6.799832E+02
-6.799871E+02
-6.799981E+02
-6.799937E+02
-6.799993E+02
-6.799950E+02
-6.799909E+02
-6.799950E+02
-6.799970E+02
-6.799965E+02
-6.799976E+02
-6.799961E+02
-6.800099E+02
-6.800039E+02
-6.800041E+02
-6.800177E+02
-6.800229E+02
-6.800180E+02
-6.800260E+02
-6.800249E+02
-6.800377E+02
-6.800319E+02
-6.800380E+02
-6.800375E+02
-6.800244E+02
