E
-6.800064E+02
-6.800003E+02
-6.800138E+02
-6.800138E+02
-6.800220E+02
-6.800382E+02
-6.800523E+02
-6.800559E+02
-6.800735E+02
-6.800730E+02
-6.800697E+02
-6.800597E+02
-6.800625E+02
-6.800720E+02
-6.800850E+02
-6.800909E+02
-6.800838E+02
-6.800723E+02
-6.800761E+02
-6.800679E+02
-6.800743E+02
-6.800700E+02
-6.800754E+02
-6.800782E+02
-6.800748E+02
-6.800787E+02
-6.800718E+02
-6.800838E+02
-6.800889E+02
-6.800871E+02
-6.800935E+02
-6.800969E+02
-6.800946E+02
-6.800989E+02
-6.801038E+02
-6.801007E+02
-6.800920E+02
-6.800818E+02
-6.800805E+02
-6.800772E+02
-6.800879E+02
-6.800877E+02
-6.800856E+02
-6.800925E+02
-6.800984E+02
-6.801022E+02
-6.800912E+02
-6.800754E+02
-6.800746E+02
-6.800823E+02
