rx ry rz vx vy vz ax ay az
-1.258886E-01 -8.518770E-02  1.472450E-01 -1.307403E+00 -1.734727E-01 -9.510393E-01 -1.672199E+00 -5.633063E-01  8.766563E-01
 1.810731E-01  1.141557E+00  9.513903E-01  9.408830E-01 -2.338009E-01  1.771229E+00  1.069928E+00  9.023356E-01  3.306947E-01
 8.232064E-01  1.826830E-02  1.122521E+00 -7.557899E-01  1.379292E+00  1.555797E+00 -4.062856E-01  1.564071E-01  1.171175E+00
 1.095057E+00  8.312165E-01 -1.807231E-01 -8.670585E-01 -1.096465E+00  1.158083E+00  2.796724E+00 -1.286672E-01 -1.275032E+00
 1.471128E-01 -1.303507E-01  2.101293E+00 -1.246550E+00  1.867224E+00  1.644694E+00  1.823137E+00 -4.473995E-01  4.300711E-01
-1.337836E-01  1.025679E+00  3.110701E+00  9.466121E-01 -1.797440E+00  1.721229E+00  7.520573E+00  1.802257E-01 -9.942069E+00
 1.098445E+00  1.041190E-01  2.920956E+00 -5.873190E-02 -6.596096E-02 -1.914060E+00  1.568416E-01  7.949895E-01 -1.428383E+00
 9.109767E-01  1.081707E+00  1.913747E+00  2.361758E-01 -1.752671E+00  9.875364E-01 -9.736827E-01  2.224344E-02 -7.528462E-01
 2.809840E-02  1.668516E-01  4.110955E+00  1.176184E+00 -1.029239E+00 -1.676986E+00 -2.130858E+00  1.933373E+00  9.328435E-02
-6.395230E-02  9.291945E-01  4.976502E+00 -1.563978E+00  1.375745E+00 -1.899625E+00  1.499182E+00 -2.002916E+00 -9.874858E-02
 8.682028E-01  1.651704E-01  5.104951E+00 -5.648962E-01 -1.013525E+00 -6.234112E-01  8.320065E-01  1.242528E+00 -2.188026E+00
 9.405337E-01  1.194862E+00  3.952472E+00 -7.621072E-02 -2.404792E-01 -8.793147E-01 -2.431284E+00  1.133296E+00 -5.636914E-01
 1.570307E-01  1.069314E-01  5.923412E+00  9.364586E-01 -1.952621E+00  1.068747E+00 -8.172849E+00 -6.813914E+00  6.363846E-01
 2.139260E-02  1.198545E+00  6.853393E+00  3.055541E-01  1.696257E-01 -4.193748E-01 -7.673574E-01  1.686680E+00 -5.987596E-01
 8.762897E-01 -7.264980E-02  6.953348E+00  2.204404E-01 -1.052626E+00  1.102709E+00 -9.938251E-01 -2.459903E-01 -1.953807E+00
 8.742959E-01  8.405871E-01  6.150704E+00  1.103791E+00 -2.923679E-01  3.787776E-01  7.029125E+00  5.291158E+00  2.123547E+00
 7.376620E-02 -6.927570E-02  8.164049E+00  1.960910E+00  1.582696E-01  1.417338E+00 -1.558406E-02 -2.554090E+00  2.550989E-01
 1.754338E-01  9.805587E-01  9.182496E+00  1.399131E+00  1.353941E+00  1.353740E+00 -7.862211E-01  1.702558E+00 -6.821104E-01
 1.196410E+00 -9.105900E-02  9.009861E+00  5.294998E-02  1.448191E+00 -1.392706E+00  9.025254E-01  2.881189E-02  1.646453E-01
 1.006711E+00  1.186211E+00  7.989085E+00  1.245919E+00 -1.003291E+00 -1.197131E+00  8.353045E-01 -7.711261E-01  1.881245E+00
-5.640400E-03  1.916275E+00 -1.051435E-01 -9.712050E-01 -9.878219E-01 -1.532100E+00 -8.761156E-01 -1.297998E+00 -4.355379E-01
-9.887200E-02  3.096512E+00  1.177824E+00 -5.557322E-01  7.053847E-01  1.406987E+00  2.334890E+01  2.815780E+00 -2.088356E+01
 1.142987E+00  2.019763E+00  1.116301E+00 -8.683327E-01  1.548145E+00 -1.078130E+00  1.108291E+00 -4.682088E-02  4.324145E-01
 1.026997E+00  2.825629E+00  7.497460E-02 -1.265072E+00 -9.456734E-01 -9.214042E-02  4.417162E-01 -3.175920E-01  2.456370E-01
-1.630653E-01  1.967720E+00  2.140070E+00  1.881066E+00  1.525067E+00  6.007788E-01  7.207072E+00 -9.009304E-01 -7.380610E+00
-5.447820E-02  3.130418E+00  3.099211E+00 -1.192443E+00  6.243038E-01 -1.022333E+00 -1.224918E+00  4.363373E-01 -6.444465E-01
 9.173366E-01  1.919157E+00  2.956991E+00 -8.713887E-01  1.470062E+00 -1.479178E+00 -2.067056E+00  1.128251E-01  2.592124E-01
 9.042438E-01  2.949837E+00  2.140109E+00 -8.021576E-01  1.181382E+00  7.302311E-01 -1.258536E+00  1.363920E-03  1.190964E+00
 1.821422E-01  2.151928E+00  4.070314E+00  1.192327E+00 -1.761728E+00 -1.324070E+00  1.627365E+00  3.676405E-01 -1.195208E+00
 3.823300E-03  3.044022E+00  4.817038E+00  2.053068E+00  9.604735E-01  4.366114E-01 -1.499669E+00  1.670996E+00 -1.481528E+00
 1.009484E+00  1.937268E+00  5.190631E+00 -1.816957E+00  1.130383E+00  1.209586E+00  7.656045E-01  3.356744E-01  1.693513E-01
 1.096415E+00  2.995763E+00  3.923570E+00  5.278439E-01 -9.334260E-01 -1.580879E+00 -9.096110E-01 -3.708883E-01  4.836212E-02
-1.835421E-01  2.108569E+00  5.987280E+00 -1.796936E-01  4.374419E-01  4.306732E-01 -2.653106E+00  3.987309E-01  1.990176E+00
-1.921734E-01  2.943878E+00  6.941376E+00  4.891774E-01 -1.705166E+00 -1.112680E+00 -1.348664E+00 -9.999960E-01 -3.277807E+00
 1.033367E+00  1.954609E+00  7.173734E+00 -5.558088E-01 -1.693805E+00 -2.051976E-01  4.634420E-01  3.795911E-01 -7.534470E-01
 1.059805E+00  3.025597E+00  6.040449E+00  4.135203E-01 -1.966905E+00 -1.218935E+00  1.533511E+00  9.052723E-01  1.782575E-01
-1.996464E-01  1.844483E+00  8.038627E+00 -1.644562E+00 -3.699757E-01  9.296163E-01 -4.840806E-01 -1.688323E+00 -3.481068E-01
-1.939623E-01  3.162689E+00  9.169173E+00 -1.325027E+00 -1.899208E+00  6.441750E-01 -9.016154E+00 -1.297359E+01 -1.426516E+01
 1.179601E+00  1.857091E+00  8.925645E+00 -1.186149E+00 -3.595188E-01 -1.133300E-01 -2.520395E+00  1.704025E+00  9.604536E-01
 9.984413E-01  3.105365E+00  7.972941E+00  6.080342E-02 -1.806960E+00  4.436186E-01  2.767960E+00  2.477460E+00 -9.028799E-01
 1.613660E-01  3.834418E+00 -1.675178E-01 -2.192946E-01  4.362943E-01 -7.251732E-01 -3.276844E-02  1.229414E+01  2.323480E+01
 1.084743E-01  4.883119E+00  1.084253E+00  5.534402E-01 -1.744559E+00 -1.675638E+00 -3.168781E+00  2.223356E+00 -3.639460E-01
 8.416071E-01  4.082326E+00  9.939865E-01 -1.342307E+00  1.390218E+00 -1.123797E-01  1.570263E+00 -2.114853E+00  6.639139E-01
 8.802644E-01  5.119925E+00 -1.100313E-01 -1.618717E+00 -1.410192E+00  5.940326E-04 -1.858145E+00 -1.550351E+01  1.481070E+01
 9.885730E-02  3.872854E+00  2.080530E+00 -1.183746E+00  1.240656E+00 -1.302199E+00 -9.737967E-01 -1.555893E+00 -6.292788E-01
-4.904710E-02  4.941554E+00  2.980664E+00  1.966597E+00 -1.087603E+00 -1.305438E+00 -1.413818E-01 -8.366976E-01  6.715072E-01
 1.160509E+00  4.125051E+00  3.026283E+00  1.104048E-01 -6.328079E-01  4.356798E-01  1.222228E-01 -5.586003E-01 -1.256840E+00
 8.718726E-01  5.098459E+00  1.871080E+00  7.358737E-01  1.675374E+00 -1.325790E+00  8.384265E-01  2.186441E-01  5.143634E-01
-1.443278E-01  3.975067E+00  3.904786E+00 -1.150069E+00 -5.111826E-01  1.291118E-02 -1.563142E+00 -9.677655E-01  1.124605E-01
-1.178438E-01  5.013297E+00  5.111510E+00 -1.149830E+00  8.774960E-02 -1.100432E+00  1.610843E+01  4.847513E+00 -1.687277E+01
 8.819633E-01  3.934132E+00  4.914583E+00  1.882175E+00  1.721574E-01 -1.292823E+00 -1.199415E+00 -1.128933E+00 -5.539966E-01
 9.070160E-01  4.887902E+00  3.853909E+00  2.434147E-01 -2.852841E-01  3.783172E-01 -1.587562E+00  2.000478E-02 -7.371914E-01
 4.251890E-02  3.960513E+00  6.074078E+00 -1.734909E+00 -5.439578E-02  1.692471E+00 -1.328951E+00  1.067609E+00  8.863611E-01
 2.278080E-02  4.918251E+00  6.844933E+00 -5.104730E-02 -6.835303E-01  1.422610E+00  7.299882E-01 -1.057707E+00 -3.265151E+00
 1.079941E+00  3.875303E+00  7.018199E+00  7.914074E-01  7.303145E-01  1.278422E+00  1.461045E+00 -4.645025E-01 -2.256837E-02
 9.667545E-01  4.907579E+00  6.091609E+00 -1.612233E+00 -1.258333E+00  1.510659E+00 -2.970341E-01  2.767768E-01  9.673446E-01
 1.135006E-01  4.004534E+00  8.152306E+00 -1.173099E-02  1.067103E+00  1.711648E+00  2.072306E+00 -1.570869E+00  1.573994E+00
-1.565117E-01  5.185145E+00  9.193855E+00 -7.694755E-01  1.715123E+00  1.377550E+00  1.223912E+00 -2.896203E+00 -3.632236E-01
 8.909781E-01  4.027234E+00  9.119835E+00  6.821905E-01  1.350617E+00 -1.135273E-01  8.734198E+00  1.851662E+00 -9.569000E+00
 1.125466E+00  5.020572E+00  7.829210E+00  1.152159E+00 -1.345929E+00 -3.879885E-02  1.419225E+00 -2.940698E+00  3.420599E-02
-1.582658E-01  6.081094E+00 -1.917526E-01 -1.746704E+00  4.541580E-01  1.781824E+00  1.730300E+00  3.963878E+00  1.795711E+00
 1.712057E-01  7.162013E+00  1.074991E+00 -1.867308E+00  8.068827E-01 -7.487247E-01  2.651142E+00  2.405661E-01 -9.924647E-01
 1.010028E+00  6.023554E+00  1.054655E+00  1.329934E+00 -1.719913E-01 -1.880411E+00  2.727077E-01  3.017762E-01  8.086306E-01
 9.137758E-01  6.843374E+00  4.994550E-02 -1.495942E+00  1.040276E+00 -5.141845E-01 -7.931155E-01 -9.537564E-01  6.919084E-01
 6.716330E-02  5.955974E+00  2.172745E+00  8.270405E-01  7.853711E-01 -2.603779E-01  5.420418E-01 -3.182159E-01  1.541286E+00
-1.720500E-02  6.886728E+00  3.104604E+00 -6.008198E-01  7.628199E-01 -1.544821E+00 -7.844593E-01 -1.686798E+00  4.891754E-01
 1.180102E+00  6.028438E+00  3.055232E+00  1.127667E-01 -7.586171E-01  1.686422E+00 -2.079790E-01  8.455683E-01  4.358936E-01
 9.793197E-01  7.061584E+00  1.984087E+00  9.814991E-01 -1.988554E+00 -1.716096E+00  2.228342E-01  9.031506E-01 -2.184271E+00
 6.977600E-02  6.000870E+00  3.925885E+00 -1.159703E+00 -7.566361E-01  4.744110E-01  9.618598E-02  7.564003E-01 -1.620206E+00
-5.662270E-02  6.945003E+00  5.012910E+00 -1.231491E+00  1.178601E+00 -1.379204E+00 -1.285725E+00 -2.881042E-01  5.788738E-01
 1.043881E+00  5.818964E+00  5.105859E+00  1.169131E+00  1.791509E-01 -1.662955E-02  5.471741E-01 -1.077029E+00  1.909637E+00
 9.603027E-01  6.979407E+00  4.068306E+00  1.382438E+00  6.507454E-01  1.914732E+00 -1.078564E+00 -1.413604E+00 -1.206851E+00
-2.223010E-02  5.923966E+00  5.902558E+00 -1.210405E+00  1.748105E+00 -8.519524E-01 -1.081770E+00 -1.538915E+00 -1.608856E+00
-1.645957E-01  6.880027E+00  7.002975E+00  7.326684E-02 -6.329836E-01 -1.556157E+00 -1.620411E+00  2.613501E-02  1.899253E+00
 1.111506E+00  5.885062E+00  7.149302E+00 -4.080826E-01 -1.437767E+00  1.464758E+00  1.611443E+00  2.545570E+00 -1.557451E+00
 9.729859E-01  6.981904E+00  6.001058E+00 -1.075827E+00 -9.655750E-01  1.588574E+00  1.296992E-01 -2.990352E-01  5.161369E-01
-7.592150E-02  6.090108E+00  7.901349E+00  7.312785E-01 -7.458268E-01 -9.664389E-01 -1.779401E+00  3.332532E+00  2.600111E-01
-2.354260E-02  6.980464E+00  8.807662E+00 -6.880117E-01  1.715627E+00 -1.809370E+00 -2.778627E-01 -3.306044E-01 -2.227050E-01
 9.853283E-01  5.822770E+00  9.175235E+00  9.128177E-01 -1.837862E-01 -1.371857E+00  2.690276E+00  1.527592E+01 -1.352233E+01
 1.047945E+00  6.991799E+00  7.893708E+00 -1.406589E+00 -7.759840E-01  9.762285E-01  9.467512E-02  3.160181E-01  5.090444E-01
-1.027784E-01  7.886062E+00 -7.900340E-02 -1.344295E+00  1.323898E+00 -1.162684E+00  9.078500E-01  2.116883E-02  1.184617E+00
 1.925040E-02  8.833749E+00  1.040399E+00  1.670694E-01  8.791108E-01  7.537885E-01  1.444211E+00 -9.363274E-02  4.060637E-01
 1.138439E+00  7.982101E+00  1.006672E+00  2.014645E+00  8.015434E-02  1.404691E+00 -1.481916E+00 -4.195019E-01  5.108701E-01
 9.997592E-01  8.800890E+00  8.567000E-02 -9.905264E-01 -1.819898E+00  1.258323E+00 -4.123913E-01 -1.342291E+00  1.391802E-01
-1.947440E-02  7.889994E+00  1.927089E+00 -1.553518E-01 -1.326060E+00 -1.634823E+00 -2.824229E-01  3.824801E-01 -1.200444E+00
-1.212255E-01  9.198856E+00  3.053922E+00  5.684589E-01  1.007941E+00  1.904893E+00 -1.734977E+00  2.571621E+00 -1.664468E-01
 1.198759E+00  8.047006E+00  3.025635E+00 -5.081669E-01  7.661518E-01 -1.227424E+00  2.691033E+00  8.434772E-02 -1.123754E-01
 1.077940E+00  9.151579E+00  1.851295E+00  7.502503E-02  1.286562E+00 -1.640272E+00 -3.954296E+00 -2.074380E-01  2.515939E+00
-8.431120E-02  7.957820E+00  4.097968E+00 -1.840885E+00  1.587302E+00 -5.008101E-01 -3.916888E-01 -1.073881E+00  1.588301E+00
-1.133916E-01  8.926554E+00  5.139008E+00  1.937048E+00 -1.681326E+00  1.981034E+00 -1.129243E+00 -8.616594E-01  1.612908E+00
 1.129866E+00  8.195669E+00  5.117294E+00  2.020834E+00  4.515094E-01 -1.499230E+00  1.145334E+00  1.031695E+00 -3.480676E-01
 1.102799E+00  8.834514E+00  3.994357E+00 -1.667401E+00 -2.914883E-01  1.927708E-01  2.824278E+00 -1.871429E+00  1.072852E+00
-1.775506E-01  8.021513E+00  6.157974E+00  7.199421E-01 -1.266676E+00 -1.645589E+00 -1.668098E+00  1.518575E+00  4.395712E-01
 7.052780E-02  8.974130E+00  7.127983E+00 -9.096762E-01 -3.416983E-01 -7.863908E-01  9.608825E-01 -4.203228E-01  2.888324E-01
 1.002299E+00  8.077072E+00  6.864473E+00  2.907660E-01  1.707196E+00 -1.361048E+00 -2.812664E-01  1.649804E+00 -2.857802E-01
 1.023410E+00  9.024879E+00  5.929169E+00  1.079283E+00 -2.325050E-01  1.513255E+00  4.737497E-01  2.109912E-01  3.642390E-01
 9.197320E-02  7.827509E+00  7.924802E+00 -1.774460E+00  1.067585E+00 -1.525621E+00  1.002750E+00 -2.354661E+00  5.123268E-01
 8.862640E-02  8.921391E+00  9.052791E+00 -1.188158E+00 -1.909916E+00 -6.729409E-01 -4.230148E-01 -1.251066E+00 -5.019406E-02
 9.638414E-01  7.901553E+00  8.968768E+00  1.076142E+00 -5.373511E-02  9.804831E-01  2.163199E-01  6.203302E-01 -8.445065E-01
 1.018198E+00  8.984737E+00  8.039392E+00 -1.301258E+00 -1.726096E+00 -1.156305E+00 -7.331121E-01  2.458502E-01  9.001983E-01
 2.017949E+00 -8.307350E-02  2.412730E-02 -1.772129E+00  1.096668E+00 -1.169014E-01  1.466321E+00  6.555511E-01 -1.553912E-01
 2.136144E+00  8.256294E-01  8.729078E-01  5.083919E-01  1.093241E+00  1.050570E+00 -6.576396E+00  7.872728E+00  5.137391E-01
 2.883371E+00  1.034534E-01  8.255205E-01 -8.384180E-01 -1.204786E-01 -1.807657E+00  8.261580E+00 -6.926389E+00 -2.886543E+00
 3.103679E+00  1.053896E+00  6.968720E-02 -5.933591E-01 -1.383689E+00  1.578763E+00 -1.040714E+00 -9.434365E-01  1.179636E+00
 2.161949E+00  1.712499E-01  1.922205E+00  1.873378E+00  1.663174E-01  4.491278E-01 -5.793942E-01  1.159372E+00 -1.808489E+00
 2.137008E+00  9.565488E-01  2.898788E+00 -1.845240E+00 -1.997120E-01  1.168584E-01 -1.020102E+00 -1.268227E+00  1.347539E+00
 3.087453E+00 -1.858638E-01  3.189052E+00 -5.956670E-01 -4.508061E-02 -1.235826E+00  1.251674E+01  3.232505E+01 -3.121994E+01
 2.879770E+00  1.101872E+00  2.087161E+00 -1.005527E+00  1.478491E+00  1.559056E+00 -8.333925E-01  2.610523E+00 -2.991638E+00
 1.921059E+00  1.294000E-02  3.971542E+00  1.947188E+00 -1.260488E+00 -1.274234E+00  2.774045E+00 -7.529179E-01 -7.239249E-01
 2.181150E+00  1.077169E+00  5.161606E+00  1.131250E-01 -1.018573E+00  7.420191E-01 -1.586406E-01  3.101545E-01 -1.987335E+00
 2.910986E+00 -8.100400E-02  4.995992E+00 -7.747864E-01 -1.344233E+00 -1.301664E+00 -1.780173E+00  1.372589E-01 -7.138711E-01
 2.854294E+00  8.166321E-01  4.104443E+00  1.068517E+00 -1.710640E+00  1.636158E-01 -1.267482E+00 -1.909551E+00  5.320645E-01
 2.166034E+00  3.104920E-02  5.954868E+00 -5.390221E-01  1.866518E+00 -5.845769E-01  1.701362E+00  1.568622E+00 -2.721808E-01
 1.927465E+00  8.668607E-01  6.926091E+00 -1.321783E+00 -9.056581E-01  1.734714E+00  5.545775E-01  2.407199E-01 -1.350921E+00
 3.041716E+00  7.783700E-02  6.838457E+00  3.029467E-01  1.268933E-02  4.607656E-01 -4.560857E-01  1.056303E+00 -2.762414E+00
 2.845032E+00  1.186755E+00  6.034230E+00  1.600654E+00 -9.245800E-01 -1.384895E+00  6.551283E-01 -1.283396E+00 -1.585444E-01
 1.931732E+00  1.509014E-01  8.130011E+00 -4.993818E-01  1.519761E-01 -6.221458E-01 -1.046984E+00  1.494598E+00  1.636773E+00
 1.987618E+00  1.141029E+00  9.023131E+00 -9.386171E-01  1.459384E+00 -3.840373E-01  2.048102E+00 -3.028736E+00  5.954793E-01
 2.928407E+00 -1.010466E-01  9.120935E+00  1.739229E+00  1.314173E+00  5.556873E-01 -5.650178E-01  9.292972E-01  7.451858E-01
 2.969833E+00  1.119512E+00  7.921187E+00  9.353287E-01  3.437858E-02 -9.130198E-01 -1.681202E+00  1.551195E+00 -1.655656E+00
 1.906874E+00  2.052322E+00 -5.141430E-02 -2.163829E-01 -9.628666E-01 -1.378546E+00 -5.127013E-01 -4.293671E-01 -7.285677E-01
 2.098056E+00  3.036819E+00  9.278050E-01  1.634873E+00 -1.872354E+00 -1.034326E+00  4.292227E-01 -1.810810E+00  1.218068E+00
 2.827972E+00  1.884112E+00  1.132793E+00 -5.301585E-01 -3.239643E-01  1.789629E+00  7.946294E+00 -4.060549E+00 -9.269605E+00
 2.877173E+00  3.150254E+00  1.223189E-01  9.692212E-01  8.214086E-01 -6.574618E-01  7.520458E+00 -5.786007E+00  6.111047E-01
 2.167056E+00  2.136552E+00  1.884125E+00 -1.189735E+00  9.944259E-01 -1.265580E+00 -3.912215E+01 -3.073106E+01  6.654336E+00
 2.001434E+00  2.938741E+00  2.878741E+00  1.823539E+00 -7.228427E-01  1.988307E-02  3.179136E-01  3.234299E-02 -1.444186E+00
 2.958755E+00  1.822105E+00  3.092005E+00  1.940574E+00 -1.551638E+00  2.679027E-01 -1.234442E+00 -4.596923E-01 -1.191997E+00
 2.801709E+00  2.861638E+00  1.955982E+00 -8.881550E-02  1.820815E+00  1.978524E+00  2.959621E+01  3.370088E+01  2.302299E+00
 2.054732E+00  2.058664E+00  4.170410E+00 -8.475731E-01 -1.996573E+00 -1.808331E+00  8.236595E-01  1.385326E+00  1.304702E+00
 2.097936E+00  3.017476E+00  5.088827E+00 -8.157902E-01  7.562181E-01  1.407763E+00  1.011665E+00 -9.232955E-01 -7.933322E-02
 3.076471E+00  2.081923E+00  5.098256E+00 -1.112201E+00  1.527011E+00 -1.765757E+00 -1.681195E-02 -1.323619E-01  1.487069E+00
 2.877695E+00  2.977211E+00  3.944542E+00  5.669491E-01 -4.011224E-01  1.835881E+00 -1.643738E+00  8.664624E-01  8.385661E-01
 1.959034E+00  2.105164E+00  5.993712E+00  1.118474E+00  1.050590E+00 -5.643759E-01  1.835506E+00 -1.888863E-01 -1.292500E+00
 2.037022E+00  3.106291E+00  7.108013E+00  7.579743E-01  1.388431E-01  1.139614E+00 -1.757925E+00  5.407473E-01  1.619201E+00
 2.875475E+00  1.909626E+00  6.858896E+00 -1.204722E+00 -1.132397E+00  1.968151E+00 -1.162244E+00  2.299429E+00  2.676738E+00
 3.128302E+00  2.925980E+00  5.985046E+00  1.587417E+00 -1.017364E+00  1.564937E+00  1.989794E-01 -2.461393E+00 -7.224840E-01
 2.168398E+00  2.069742E+00  7.928543E+00 -1.342439E+00  1.551149E+00  1.279859E+00 -2.396247E+00 -2.391748E+00 -8.253118E-01
 1.822998E+00  3.152357E+00  8.830685E+00 -4.344976E-01 -2.005543E+00  7.106927E-01 -6.421671E-01 -2.268889E+00  1.638626E+00
 3.044716E+00  2.024951E+00  9.154066E+00 -1.606794E+00 -1.325147E-03 -1.039755E+00 -9.540615E-01 -9.077078E-01  1.050776E+00
 2.870891E+00  2.920844E+00  7.892277E+00  1.752517E-01 -1.486577E-01 -1.624158E+00  7.094492E-02  3.321325E+00  7.167087E-02
 2.168771E+00  3.922808E+00  9.039990E-02 -3.205276E-02  1.613207E-01 -1.602233E+00 -4.970402E+00  8.885913E+00  1.108172E+00
 1.895771E+00  4.970882E+00  8.422405E-01 -7.743201E-01 -1.354275E+00  1.765872E+00  4.439313E-01  4.653230E-02 -1.854743E+00
 3.046844E+00  4.057430E+00  1.077656E+00 -1.258715E+00  1.684731E+00  1.110353E+00  4.209707E-01  6.911863E-01 -1.938814E+00
 2.955823E+00  4.875455E+00  1.536947E-01 -7.322492E-01  6.562487E-01 -2.037025E-01 -3.180301E+00 -8.742230E-01  2.205918E+00
 1.910343E+00  4.089012E+00  2.093562E+00 -4.436528E-01 -1.795228E+00 -7.474201E-01 -1.471678E+00 -4.866400E+00 -3.452723E+00
 2.069008E+00  4.849351E+00  2.830953E+00 -1.103575E+00 -2.679260E-01 -7.325221E-01  4.503707E-01  4.259939E+00  3.676447E+00
 3.111267E+00  3.829781E+00  3.104598E+00  1.779343E+00  8.958210E-01  1.127259E+00 -4.207394E-01 -1.752952E+00 -2.334706E-01
 3.099520E+00  4.977092E+00  1.925199E+00  1.371644E-01  1.074936E+00  5.377314E-01  4.201366E-01 -1.648986E-01 -1.004100E+00
 2.120056E+00  3.953663E+00  4.191523E+00 -3.661589E-01  4.685474E-01  1.286600E+00  1.365964E+00 -3.934460E-01  8.756802E-01
 2.002485E+00  5.106813E+00  4.934971E+00  1.129311E+00 -2.634290E-01 -8.291655E-02  1.334688E+00  2.027160E+00  4.319363E-01
 3.097698E+00  4.101604E+00  4.827508E+00  1.288621E+00  1.175812E+00 -1.902408E+00  1.233345E+00 -7.443514E-01 -7.946737E-01
 2.837889E+00  4.961568E+00  4.152596E+00 -1.638102E+00  1.843795E+00 -1.500099E+00 -5.828678E-01  1.696289E+00  1.827459E+00
 1.997670E+00  3.986463E+00  6.016064E+00 -2.227079E-01 -1.594148E+00  1.699101E+00 -1.885808E+00 -5.426177E-01  1.119126E+00
 1.989888E+00  5.078951E+00  6.895027E+00  1.265751E+00 -3.293105E-01  1.799236E+00 -1.749789E+00  8.438817E-01 -1.411704E+00
 3.073780E+00  4.138617E+00  7.165144E+00  1.906341E+00 -4.961913E-01 -1.418755E+00 -4.660159E+00  4.556130E-01 -3.342130E+00
 3.029023E+00  5.045906E+00  6.027158E+00 -6.632803E-01  2.326349E-01 -4.591967E-01 -1.226535E-01  3.234346E+00 -2.213232E-01
 1.910629E+00  3.891053E+00  8.033429E+00 -7.291235E-01 -3.332726E-01  7.961529E-01 -5.170237E-01  3.082256E-01 -4.505113E+00
 1.951580E+00  4.964077E+00  9.185874E+00 -4.831823E-02 -1.745973E+00 -1.908386E+00 -2.129582E+00 -1.417488E+00  1.197283E+00
 2.994579E+00  3.867167E+00  8.895300E+00 -7.920316E-01  5.342042E-01  2.210834E-01 -1.286230E+00 -3.311537E-01 -4.137603E-01
 3.052511E+00  5.134203E+00  8.018286E+00 -1.770106E+00 -8.760457E-01 -1.696821E+00  2.798341E+00 -1.155705E+00  1.633678E-02
 2.044570E+00  5.860380E+00 -1.586339E-01  1.826045E-01 -1.849220E+00 -1.857015E+00 -5.281679E-01  1.222793E+00  6.084349E-01
 1.887768E+00  7.076872E+00  1.180427E+00  1.965349E+00  1.339130E+00  9.410902E-01 -5.079927E-01  4.023870E-01  2.308265E+00
 2.879915E+00  5.971726E+00  1.123868E+00  1.070335E-02  1.794607E+00  1.707605E+00 -4.672585E-01 -7.938382E-01  8.166542E-01
 2.864539E+00  6.823102E+00  2.219300E-02  2.036607E+00  4.058593E-01 -1.651374E+00 -9.582864E-01 -4.407170E-01 -1.565231E+00
 2.120324E+00  6.020214E+00  1.996352E+00 -1.809374E+00 -7.203756E-02 -1.742977E+00  6.169851E-01  1.604712E+00  6.910609E-01
 1.953018E+00  6.935442E+00  2.991218E+00 -6.303979E-01 -3.015162E-01  1.140678E+00  6.097198E-01 -5.286659E-01 -1.147141E-01
 3.130620E+00  6.052890E+00  2.858363E+00 -4.762122E-01  8.417058E-01 -1.595181E+00  9.682851E-01  1.341653E+00 -3.486112E-01
 2.939011E+00  7.068283E+00  1.888528E+00  1.250731E+00 -1.792970E-01 -4.092527E-01 -1.783171E+00 -2.453818E-01 -2.145143E-01
 2.090401E+00  6.037318E+00  4.060238E+00  1.855226E+00  9.531874E-01  1.190182E+00  9.480013E-01  5.445269E-01  1.306506E+00
 2.139740E+00  6.961016E+00  4.981141E+00 -1.747009E+00 -1.235163E+00 -9.399404E-01  2.105306E+00  7.209104E-01 -9.092890E-01
 3.072681E+00  5.825945E+00  5.062595E+00  6.099447E-01 -2.752464E-01 -1.217676E+00 -2.861359E+00  2.007816E-01  9.335718E-01
 2.951525E+00  6.966787E+00  3.856758E+00  1.783241E+00 -1.324762E+00 -5.205812E-01  1.894997E-01 -5.777286E-01 -1.311030E+00
 1.974703E+00  5.853566E+00  5.942265E+00  1.802635E+00 -2.062745E-01 -5.958594E-01  4.364096E-01 -1.586104E+00 -3.264425E-01
 2.012126E+00  6.893581E+00  6.854688E+00  1.332390E+00  1.380305E+00  1.176035E+00  7.067249E-02 -1.193926E+00 -3.157154E-01
 3.096538E+00  6.057739E+00  6.832690E+00 -1.788960E+00  1.712396E-01 -5.807366E-01  3.226803E-01  8.124568E-02 -2.262307E+00
 2.894417E+00  7.083298E+00  5.875550E+00  1.666169E+00  1.873048E+00  7.473575E-01  5.165088E-01  1.001268E+00  7.906305E-01
 1.895473E+00  6.157261E+00  8.006928E+00 -1.642865E+00 -3.150091E-03  1.428100E+00 -1.842168E+00  1.017337E+00 -8.937850E-01
 1.955560E+00  6.891495E+00  8.953062E+00  1.621178E-01  1.207126E+00 -1.778750E+00  4.308819E-01  1.091148E+00  1.898730E-02
 3.145605E+00  6.018625E+00  8.997785E+00 -1.860186E-01 -1.726803E+00  1.452533E+00  1.613188E+00  9.185984E-01  2.018657E-01
 3.089841E+00  7.120981E+00  8.020115E+00 -1.519508E+00  1.105458E+00  1.706663E-02  7.011998E-01  1.098768E+00  1.635147E+00
 2.005724E+00  7.826349E+00 -1.705390E-01  1.259203E+00 -1.967676E+00  5.478221E-01 -4.651263E-01 -1.010853E+00 -2.451705E+00
 1.911742E+00  9.170958E+00  1.168414E+00 -1.430760E+00 -1.528351E+00  1.313902E+00  2.814125E+00  1.506486E+00 -2.962077E+00
 3.125655E+00  7.862585E+00  9.875241E-01 -1.668390E+00 -2.385443E-01 -1.333946E+00  1.556762E+00 -2.104753E+00  1.423564E+00
 2.901935E+00  9.069721E+00 -1.401073E-01 -1.288399E+00 -7.613766E-01  1.035204E+00 -7.883217E-01  8.093499E-01  6.818252E-01
 1.895745E+00  8.173360E+00  1.845962E+00  9.775674E-01  1.269007E+00  1.497683E+00 -2.742128E-01  5.907988E-01  1.083757E+00
 2.102803E+00  8.847516E+00  2.915221E+00  3.634487E-01  1.785674E+00 -2.431916E-01  1.898089E+00 -1.679652E+00 -1.259090E-01
 2.942923E+00  7.871775E+00  2.839532E+00  1.897513E+00  1.397375E+00  1.584732E+00  5.655663E-01  2.992483E-01 -9.441621E-01
 3.170397E+00  8.818759E+00  2.140902E+00  9.037146E-01 -1.110398E+00  8.318478E-01 -2.090002E+01 -4.384977E+00 -2.004163E+01
 2.175417E+00  8.046332E+00  4.196484E+00 -7.839594E-02  3.929669E-01  1.261009E+00 -7.465078E-01  1.235659E+00  1.087329E+00
 1.950853E+00  8.980567E+00  4.998373E+00 -1.592891E+00  1.126938E+00 -5.545866E-01  1.069336E+00 -8.471539E-01  1.429082E-01
 2.931103E+00  7.912118E+00  5.066042E+00 -6.581667E-01 -1.434745E-01 -7.149736E-01 -1.162379E+00 -4.517940E-01  2.702448E+00
 2.840330E+00  9.142405E+00  3.833688E+00 -1.113436E+00 -9.088681E-02 -1.497544E+00 -1.405575E+01 -3.275505E+01  3.218257E+01
 2.158943E+00  8.123179E+00  6.011777E+00 -1.607508E+00 -1.315898E+00  7.576337E-01  8.060560E-01  6.511972E-01 -1.616708E+00
 1.929887E+00  8.846901E+00  6.968077E+00  1.176562E+00  1.622564E+00  2.735945E-01 -2.014015E+00 -1.917258E+00 -1.689364E+00
 3.132627E+00  7.823698E+00  7.117728E+00  9.705916E-01 -1.298171E+00  4.961955E-01 -6.474541E+00  6.876781E+00  1.638639E+00
 3.036531E+00  8.936801E+00  5.950593E+00 -1.281590E+00 -9.121372E-01 -1.467367E+00 -1.154468E+00 -6.759160E-01 -8.457403E-01
 1.977645E+00  7.899272E+00  8.022141E+00  4.203930E-01  1.163084E+00 -9.037341E-01 -2.382811E-01 -1.001903E+00  1.817765E+00
 1.846933E+00  8.909274E+00  8.922608E+00  1.239448E+00 -9.043770E-01 -1.826003E-01 -1.045460E+00 -4.430270E-01  1.954389E-01
 2.889012E+00  7.893605E+00  8.960307E+00 -1.130742E+00 -7.819762E-01  8.313756E-01 -1.838250E+00 -1.169334E+00 -1.285947E+00
 3.189131E+00  8.969337E+00  8.137270E+00 -1.447173E-01  4.021956E-01 -1.873452E+00  1.149690E+00 -1.062703E+00  7.157125E-01
 3.809471E+00 -1.975237E-01  5.080780E-02  1.115435E+00  1.389577E+00  1.087900E+00 -9.971326E-01  1.125433E+00 -2.139566E-01
 3.857637E+00  8.550342E-01  9.016436E-01 -3.897605E-01 -1.168894E+00  1.049106E+00 -3.737362E-01 -1.018018E+00 -1.217580E+00
 4.927266E+00 -1.279527E-01  8.556312E-01 -1.741363E+00  9.108536E-02 -1.069833E+00 -1.120049E+00  4.076419E+00  5.099348E+00
 5.009430E+00  9.660020E-01  9.692310E-02  9.732981E-01 -9.090675E-01  1.410396E+00  7.838133E-01  1.025911E+00 -1.929312E+00
 4.137575E+00 -1.563492E-01  2.049634E+00  1.457163E+00 -1.450224E+00  4.584646E-01  2.157294E+00 -3.626172E+00  5.738135E-01
 4.192600E+00  1.061123E+00  3.096151E+00 -1.460692E+00 -3.765618E-01  1.156279E+00 -3.484089E+00 -4.979712E-01 -7.086192E+00
 5.051890E+00  8.181140E-02  2.886025E+00  1.566145E-01 -1.481073E+00  1.645669E+00  8.416049E-01  1.811757E-01 -1.334710E+00
 4.807352E+00  1.181515E+00  2.043298E+00 -4.002488E-01 -2.530173E-01  1.157745E+00  1.350809E+00 -7.011244E-01  1.385487E+00
 3.988901E+00 -7.137340E-02  4.061311E+00  4.507260E-01 -3.056746E-01  8.527036E-01 -1.852305E+00 -4.445662E-01 -1.611300E-01
 4.008405E+00  1.185295E+00  5.040761E+00  1.795534E+00  1.797527E+00  9.440843E-01  8.138998E-01  4.368872E-01  2.624189E+00
 5.106422E+00  8.689520E-02  5.067547E+00 -1.562156E+00  4.347581E-02  1.838013E+00  1.222096E+00 -8.873654E-02  1.018540E+00
 4.802347E+00  1.163885E+00  3.949978E+00  1.905083E+00 -9.902396E-02 -1.630477E+00  2.841450E+01 -3.186077E+01  6.084045E+00
 4.030502E+00  8.897580E-02  5.974064E+00  9.371791E-01  2.361620E-01  3.274416E-01  1.423967E+00  1.278525E+00  6.687892E-01
 4.125128E+00  1.175408E+00  7.040649E+00  1.509119E-01  8.370409E-01  1.566087E-02  6.679842E-01  5.859442E-01 -2.594045E-01
 5.098703E+00  9.583380E-02  6.813247E+00  4.967658E-01 -2.831872E-01  1.601492E+00  1.083638E+00 -4.621674E+00  3.021205E+00
 5.014789E+00  8.654173E-01  6.065976E+00  1.617262E+00 -6.921878E-01  2.195540E-02 -1.605931E+00  4.280891E+00 -5.156877E+00
 4.133707E+00  1.603850E-01  8.032295E+00  1.487421E+00  9.170017E-01  4.493978E-01  1.355922E+00  9.697365E-01  1.148947E+00
 4.151903E+00  8.038362E-01  9.128576E+00  1.156589E+00 -2.001753E-01  1.542189E+00  1.548617E+00  2.725101E-01  6.972137E-01
 4.830847E+00 -7.742370E-02  8.934929E+00  1.809451E+00 -1.112695E+00  1.635641E+00  9.937338E-01 -2.273894E-01 -4.938341E-01
 5.048461E+00  8.937521E-01  8.105056E+00  1.303564E+00  1.451332E+00 -1.381062E+00 -8.569849E-01 -7.011694E-01  2.026750E+00
 4.071142E+00  2.038290E+00  9.798350E-02 -1.694048E+00 -2.354560E-01  1.847721E+00  1.849264E+00 -1.068541E+00 -3.975041E-01
 3.930503E+00  3.034022E+00  1.125352E+00  9.000019E-01  1.878326E+00  1.159349E+00  1.890523E-01  4.375224E-02  6.691116E-01
 5.198220E+00  1.841741E+00  8.304035E-01 -8.923446E-01 -4.443036E-01 -9.676385E-01  1.003773E+00 -5.995257E-01  1.859290E-01
 4.834845E+00  3.127183E+00  1.951471E-01  9.619499E-01  9.735652E-01  1.685560E+00 -2.913156E-01  8.270170E-02  1.463814E+00
 4.162445E+00  2.091505E+00  1.849516E+00  1.789606E+00  9.816817E-01  1.536066E-01 -7.062348E+00 -5.366438E+00 -3.791568E-01
 3.934122E+00  2.803516E+00  2.852939E+00 -1.316895E+00  1.541996E+00  2.888714E-01 -8.114957E-01 -3.482580E-01 -2.549876E+00
 5.012450E+00  1.866325E+00  3.193698E+00  1.469041E+00 -6.212329E-01  1.427620E-01  5.322541E-01  4.737555E+00 -5.099769E+00
 4.812850E+00  2.914653E+00  1.880239E+00  1.669887E+00 -1.840452E+00  1.335944E+00  4.300724E+00  8.756923E+00 -6.741849E-01
 4.169620E+00  1.868132E+00  4.188912E+00  8.321570E-01  4.153688E-01  2.798321E-01 -2.303519E+01  2.976323E+01  7.606340E+00
 3.937045E+00  2.968325E+00  4.838533E+00 -8.679636E-01  1.768826E+00  8.257044E-01  5.978094E-01  6.452310E-02 -1.417523E+00
 4.951758E+00  1.988760E+00  5.058572E+00  1.382615E+00 -8.031707E-01 -6.388442E-01 -9.303402E-01 -1.455015E+00 -6.619314E-01
 4.939219E+00  3.197946E+00  4.180261E+00  1.486239E+00  9.194157E-01  1.235558E+00  6.036321E+00 -1.083589E+01 -3.300942E+00
 4.078205E+00  1.807198E+00  6.046317E+00  3.468023E-01  1.257153E+00  1.647284E+00 -1.717322E-02 -4.720482E-01 -2.177105E-01
 4.079125E+00  3.011273E+00  6.812478E+00  1.112412E+00  1.817335E+00  1.103018E+00  1.292487E+00 -9.593291E-01 -5.980277E-01
 4.853526E+00  2.067382E+00  7.166687E+00  6.736617E-01 -7.599963E-02 -1.068405E+00  7.416332E+00  7.639959E-01 -9.981252E+00
 5.019445E+00  3.037250E+00  6.123597E+00  9.002581E-01  8.123869E-01  5.479585E-01  1.399545E+00 -6.849568E-02  1.471762E+00
 4.158956E+00  2.162716E+00  7.933665E+00 -1.095943E+00 -7.905708E-01  6.915509E-01 -8.760111E+00  2.565989E-02  7.718996E+00
 4.197884E+00  2.880136E+00  8.855220E+00  6.976294E-01  1.276807E+00 -1.217017E+00 -4.159717E-01 -1.693970E+00  1.893498E+00
 4.953298E+00  1.882381E+00  9.179718E+00 -6.429290E-01  8.511918E-01 -1.439257E+00 -1.192664E-01 -1.248903E+00  1.371959E+00
 4.958765E+00  2.932557E+00  8.053761E+00 -1.444493E+00  1.722655E+00 -1.199877E+00  3.436957E+00  3.893457E-01 -2.371257E+00
 3.847148E+00  4.191022E+00 -4.575900E-03 -9.934283E-01 -4.074287E-01 -7.509741E-03 -3.705764E-01 -1.954106E-01  7.159290E-01
 3.951279E+00  5.023572E+00  1.114705E+00  4.069664E-02  8.866835E-01  1.954624E+00 -1.199597E+00 -1.121559E-01  6.224535E-01
 5.141621E+00  3.895063E+00  1.124818E+00 -7.940764E-01 -3.190480E-01  2.074420E-01  1.401349E+00 -1.470410E+00  1.564726E-01
 5.030071E+00  5.096873E+00 -1.200811E-01  1.374096E+00 -3.872130E-01 -8.486078E-01  1.325864E+00  3.935055E-02 -6.846706E-01
 3.893983E+00  4.049735E+00  2.132660E+00 -4.211605E-01  7.495831E-02  7.712938E-01 -1.917372E-01  1.480927E+00 -4.859619E-01
 4.195813E+00  5.132714E+00  2.859433E+00  1.565880E+00 -1.791574E+00  1.460643E+00 -2.370414E+00 -2.903781E+00 -1.786358E+00
 5.126940E+00  4.087238E+00  2.888414E+00  1.728976E-01  1.723034E+00  1.198055E-02  3.010893E+00 -4.081744E+00  5.831269E+00
 5.030147E+00  4.804488E+00  2.114564E+00 -8.165021E-02 -8.485499E-01  1.126057E+00 -1.063992E-01  5.980060E+00 -6.405830E+00
 4.191385E+00  3.960736E+00  4.193336E+00  1.315756E-02 -3.946100E-01  1.288417E+00 -5.024409E+01  3.447408E+00 -4.520493E+01
 3.907294E+00  5.115647E+00  4.883241E+00  1.441206E+00 -1.585098E+00  1.048869E+00  8.968946E-01 -1.789794E+00 -1.439040E+00
 4.838640E+00  3.983142E+00  4.882380E+00  2.236593E-01 -1.518803E+00 -7.929337E-01  4.361946E+01  5.733609E+00  5.269553E+01
 4.816246E+00  5.182252E+00  3.931354E+00 -1.532787E+00 -6.850284E-01  8.232983E-01 -1.988901E+00  4.622396E-01 -2.545497E-01
 4.118495E+00  4.003791E+00  6.134721E+00 -2.817962E-01 -1.585950E+00  1.236784E+00  1.126576E+00 -1.279503E+00  1.503964E+00
 4.170874E+00  5.086731E+00  6.977817E+00 -5.135376E-01  5.071785E-01  1.435822E+00  3.620724E-01  7.773497E-01  7.243279E-02
 5.196657E+00  3.871718E+00  7.074302E+00 -1.430914E+00 -1.076908E+00  1.281526E+00  3.139129E-01 -1.327612E+00 -1.010292E+00
 5.103517E+00  5.193397E+00  5.965572E+00 -1.032774E+00 -6.384741E-01 -1.691895E+00 -1.607607E-01  2.598552E+00  1.955671E+00
 3.863835E+00  4.192563E+00  7.889045E+00  8.905729E-01  1.493750E+00  1.646853E+00  4.224850E+00  3.538624E+00  4.440285E+00
 4.072424E+00  5.043118E+00  8.849316E+00 -7.597156E-01  1.882674E+00 -1.168858E+00  1.272819E+00  1.466736E+00 -1.144151E+00
 5.015122E+00  4.064006E+00  9.108642E+00  6.972112E-01 -1.659279E+00 -1.457140E+00  1.659122E+00  2.009774E+00  1.323317E-01
 4.979178E+00  4.969027E+00  7.892218E+00 -2.806977E-01 -1.458928E+00 -1.779260E+00 -5.762615E-01 -5.562004E-01  4.201660E-01
 4.196210E+00  5.937830E+00 -3.965840E-02  4.304454E-01 -1.392780E+00  5.282454E-01 -6.304634E+00 -4.563710E+00  3.455190E+00
 4.153944E+00  7.143340E+00  9.190557E-01 -1.084996E+00 -1.317736E+00  2.610427E-01 -8.591754E+00 -7.723606E+00 -1.205813E+00
 4.883262E+00  5.822265E+00  1.175433E+00 -1.223669E+00 -1.528906E+00  8.775097E-01  2.398787E+00 -2.199732E+00 -1.816531E+00
 4.829143E+00  6.802417E+00 -3.285820E-02 -1.907315E-03  1.970049E-02  1.984399E+00  1.759996E+00  4.986527E+00 -6.835108E-01
 4.195598E+00  6.134378E+00  1.998193E+00 -1.235905E+00  4.212167E-01 -1.766463E+00 -4.247348E-01 -5.037288E-01  3.158155E+00
 4.015989E+00  7.187030E+00  3.155172E+00 -1.034279E+00 -2.222553E-01 -1.522336E+00 -2.041097E+00 -1.005620E+01 -1.198789E+01
 4.899442E+00  5.927379E+00  3.052093E+00 -1.377129E+00 -5.122172E-01 -7.801149E-01  1.135044E+00  3.523093E+00  2.891910E-01
 5.014158E+00  7.138267E+00  2.023429E+00 -2.368608E-01  7.154813E-01 -1.648483E+00 -4.387928E-01  1.315396E+00 -7.083698E-01
 3.887032E+00  6.100810E+00  3.822800E+00 -1.187552E+00 -5.682143E-01  3.702911E-02  5.584398E-01  3.061476E-01 -1.512203E+00
 3.928436E+00  6.872906E+00  5.063197E+00 -1.513913E+00  1.527018E+00  1.138006E+00 -2.772362E-04  1.107994E-01  9.628794E-01
 4.848092E+00  6.096230E+00  5.028358E+00  2.409919E-01 -9.375441E-01 -3.793821E-01 -1.412224E+00  2.855002E-02  1.156809E+00
 5.105578E+00  7.168457E+00  3.919589E+00 -5.672837E-01  1.208831E+00  6.068574E-01 -2.727065E-01  2.634953E+00 -1.394658E+00
 3.982219E+00  5.862279E+00  6.073525E+00  8.657521E-01 -1.100620E-01 -1.153090E+00 -3.429732E-02 -1.169655E+00 -2.082672E-01
 3.858312E+00  7.116488E+00  6.838225E+00  5.098300E-01  9.315502E-01 -9.587828E-01  5.030376E+00 -7.570469E+00 -2.969116E+00
 4.866130E+00  6.136455E+00  6.940470E+00  1.805981E+00 -7.818633E-01  4.312200E-01 -2.124800E+00 -2.432138E+00 -7.189613E-01
 5.074887E+00  7.134157E+00  5.819688E+00  7.773839E-02  2.668720E-01  1.688512E+00  1.352751E+00 -1.095765E+00 -7.235635E-01
 4.162284E+00  6.114312E+00  8.041205E+00 -1.787282E+00 -9.192279E-01  3.877698E-01  5.444334E-01 -8.028519E-01  1.925617E+00
 3.980206E+00  6.906272E+00  9.105830E+00 -1.749202E+00 -6.564682E-02 -5.128573E-01  1.034034E+00 -1.287269E+00  4.645794E-01
 4.844126E+00  5.899979E+00  9.109472E+00  1.004957E-01 -8.166639E-01  1.070680E+00  2.420093E+00  7.231853E-01 -5.327377E+00
 5.054763E+00  7.185487E+00  8.023751E+00 -7.104461E-01 -5.517574E-01  1.594839E-01  4.572672E-02 -2.982339E+00 -5.230206E-02
 4.136837E+00  7.820983E+00 -5.126090E-02  1.516038E+00  6.284622E-01  1.708262E+00  2.132057E+00 -1.905734E+00 -2.148579E-01
 4.117121E+00  8.912655E+00  1.164192E+00 -1.438295E+00  8.086114E-01 -8.641615E-01  2.804256E+00 -2.505557E-01  2.662626E+00
 4.901012E+00  7.859143E+00  9.939076E-01 -1.627558E+00  1.288027E+00 -1.852648E+00  7.678117E+00  9.069382E+00  1.830166E+00
 5.123306E+00  9.081832E+00  1.673411E-01  2.765454E-01  4.409180E-01  1.733099E-01 -1.846247E+01 -5.702055E+00 -2.272247E+01
 4.192888E+00  7.985131E+00  2.086174E+00 -1.541029E+00  1.284168E+00  1.184090E+00  2.622457E-01  2.364610E+00  1.184180E-02
 3.871887E+00  8.907887E+00  2.832437E+00 -8.368885E-01  1.570855E+00 -6.143061E-01  2.219367E+01  2.312335E+00  1.966722E+01
 4.979303E+00  8.187053E+00  3.191338E+00  3.717684E-01  1.371181E+00  4.451834E-01 -9.147426E-01 -8.654677E-01  1.810906E-01
 4.968037E+00  8.942949E+00  2.049156E+00 -1.058500E+00  7.799130E-01 -4.751107E-01 -2.201982E+00  7.465858E-01  7.615589E-01
 4.126359E+00  7.827109E+00  3.947491E+00  1.742716E+00  1.354599E+00 -5.617283E-01  3.854629E+00  9.638885E+00  1.281826E+01
 4.111237E+00  8.992923E+00  4.804265E+00 -7.470618E-01  3.661739E-01  2.303475E-01  1.858884E+00 -9.134530E-01  1.007325E-01
 4.818578E+00  7.923076E+00  5.068372E+00  4.284399E-01  1.319794E+00 -1.000587E-01 -1.734352E+00  2.255346E+00 -1.020972E+00
 5.150220E+00  8.976480E+00  4.149147E+00  6.911121E-01  1.810981E+00 -1.084405E+00  7.687797E-02  8.379366E-02  5.466154E-01
 3.845337E+00  8.081000E+00  5.850281E+00 -1.223729E+00 -1.662840E+00  1.181238E-01 -3.372966E-01 -6.454822E-01 -1.096662E+00
 3.868583E+00  8.967000E+00  7.101720E+00 -5.378666E-01  2.489524E-01 -9.614667E-01  3.016507E-02 -1.195573E+00  1.774942E-01
 5.040385E+00  8.175231E+00  7.122973E+00 -4.892312E-01 -1.416394E+00  7.196662E-01 -2.562006E+00 -2.286346E+00  1.700550E+00
 4.873168E+00  8.837257E+00  6.057116E+00 -3.597053E-01 -7.870456E-01 -1.433181E+00  1.331295E+00 -1.386844E+00  4.919937E-02
 4.179471E+00  7.817017E+00  8.152488E+00 -1.348259E-01  4.879661E-01  1.829142E+00 -3.406808E+00  2.424259E+00  7.287182E-01
 4.198234E+00  8.861840E+00  9.181221E+00  1.176651E-02  6.654490E-01  1.301973E+00  1.198330E+00  7.788786E-02  4.746265E-01
 5.005173E+00  8.013761E+00  8.952611E+00  1.851791E+00 -1.988410E+00 -1.114124E+00 -2.347726E+00 -4.414260E-01 -1.744592E-01
 4.998519E+00  8.940641E+00  7.963508E+00 -7.888254E-01 -1.507207E+00  5.037113E-02  8.188749E-01 -1.406409E+00  9.289342E-01
 6.118855E+00  2.001220E-02 -1.911384E-01 -1.446408E+00  1.777351E+00 -6.727417E-01  2.813278E+00 -5.053062E+00  3.803996E+00
 5.925324E+00  9.563054E-01  1.180112E+00  8.059657E-01  1.769662E+00 -4.402601E-01 -8.693186E-01 -2.279695E+00 -2.378790E+00
 6.926956E+00 -1.823437E-01  1.062158E+00 -1.143434E+00  1.617434E+00 -1.278143E+00 -7.978161E-01 -5.240779E-01  3.991129E-02
 7.013006E+00  8.346292E-01  5.077050E-02 -2.621793E-01  1.692226E+00  1.161391E+00  1.114522E+00 -1.090955E+00 -1.791879E+00
 5.852966E+00 -3.771370E-02  1.834565E+00  1.641267E+00  1.625871E+00  1.626117E+00 -2.269742E-01 -1.632526E+00 -2.683479E-01
 6.193104E+00  9.061975E-01  2.961728E+00 -1.372558E+00  1.811998E-02  1.562018E+00  6.676616E-01 -1.351305E+00  7.969495E-01
 6.843983E+00 -8.740200E-02  3.074498E+00 -2.061548E-01  1.546472E+00  6.260777E-01 -1.319997E+00 -1.874951E-01  6.196988E-01
 7.148972E+00  9.705961E-01  1.829416E+00 -1.578878E+00 -1.424508E+00 -1.526842E+00  7.661355E-02 -1.899649E-01 -8.231649E-02
 5.885411E+00 -1.434500E-03  3.914214E+00 -1.292195E-01  3.931573E-01  1.498910E-01  4.058674E-01 -5.976664E-01 -1.911793E+00
 5.943047E+00  9.939143E-01  4.996368E+00  1.214723E+00  6.635190E-01  4.085962E-01 -2.211533E-01  7.223442E-01  1.876120E-01
 7.022191E+00 -1.723191E-01  4.818842E+00 -1.746946E+00 -1.099093E+00  1.699381E+00  1.433312E+00  2.246990E+00 -1.145974E+00
 7.037275E+00  8.339541E-01  4.116230E+00 -1.425672E+00 -4.880237E-01  1.171639E+00 -2.256054E+00 -7.467274E-03 -1.825681E+00
 6.048754E+00 -1.219012E-01  6.140666E+00 -4.819864E-01 -3.730336E-01 -9.584333E-01  4.977525E-02 -1.051547E+00  6.526683E-01
 6.129869E+00  1.166971E+00  7.075530E+00  2.862493E-01  1.364244E+00 -2.649859E-01  1.727279E+00  4.469996E-01 -4.720708E-01
 7.013133E+00  6.687260E-02  6.942520E+00  8.937211E-01  6.077106E-02  1.945966E+00 -1.079415E+00  4.247726E-01 -9.328813E-02
 6.803516E+00  1.027638E+00  5.832424E+00  1.602045E+00 -7.483792E-01  3.496463E-01  2.311596E-01  9.721248E-01 -3.136731E-02
 6.095811E+00 -1.933926E-01  7.899547E+00 -3.747830E-01 -7.260194E-01 -5.422301E-02  1.342711E+00 -1.039177E+00 -3.387633E-01
 5.809564E+00  8.046051E-01  9.144273E+00 -2.080995E-01  2.897245E-01  1.682739E-01 -4.108484E+00  5.274489E+00 -2.576373E+00
 7.141317E+00  9.117370E-02  9.001170E+00 -8.658332E-03  1.394754E+00 -1.764674E+00  6.366171E-01 -2.406443E-02 -2.372254E-01
 6.971586E+00  8.913702E-01  8.040076E+00 -1.053045E+00 -8.906640E-01 -1.244622E+00  3.081740E-01 -1.843467E+00 -7.659461E-01
 5.931358E+00  1.848857E+00 -1.230100E-01 -1.764249E+00  9.716685E-01  7.332223E-01 -7.428244E-01 -1.418974E+00  3.856457E-01
 6.132288E+00  3.046036E+00  9.590995E-01  5.563548E-01  1.156460E-01  1.145671E-01  8.344503E-01  1.007148E+00 -2.092909E+00
 6.837637E+00  1.986094E+00  8.197668E-01 -1.538305E+00 -6.041575E-01  1.763983E+00 -2.103782E+00  6.019474E-01 -1.542842E-01
 6.831049E+00  2.965466E+00 -1.262267E-01 -1.781903E+00  1.117890E+00  1.752551E+00 -1.021861E+00 -3.791552E-01  2.553455E-01
 6.065917E+00  1.837375E+00  1.813051E+00  1.308257E-01 -1.664789E+00 -2.419498E-01  8.147925E-01  1.730709E+00 -5.428479E-01
 6.064933E+00  3.144367E+00  3.026323E+00 -9.717979E-01 -1.265336E-01  4.912959E-01  1.035387E+00  1.151475E+00 -5.136119E-01
 6.888098E+00  1.994237E+00  3.197395E+00  6.025635E-01  2.180952E-01  3.151863E-01  2.031445E+00  5.205782E-01  1.487853E+00
 7.142628E+00  2.851677E+00  2.153839E+00 -6.030394E-01 -7.926666E-02  6.549588E-02 -7.955782E-01 -2.755303E-01 -7.765537E-01
 5.865010E+00  1.973334E+00  4.150691E+00  3.668698E-01 -9.765453E-01  2.517619E-01 -1.688697E+00 -1.496766E+00  6.987990E-01
 5.886554E+00  3.191240E+00  5.074855E+00 -6.629494E-01  2.007509E-01  1.481487E+00 -1.261989E+00  1.375905E+00 -3.231806E-01
 7.078593E+00  1.862660E+00  4.858332E+00  9.039689E-01  1.864240E+00 -5.293897E-02  9.731646E-01 -2.277729E+00 -1.447542E+00
 7.109617E+00  2.964403E+00  4.093197E+00 -9.825051E-01  9.104284E-01  1.695770E+00  1.081595E+00 -1.116224E+00 -5.598749E-02
 5.809613E+00  1.975758E+00  6.053822E+00  1.724936E+00  3.738565E-01 -1.539924E+00 -1.240533E+00 -4.131489E-01  4.914671E-01
 6.077586E+00  2.859149E+00  6.801315E+00  1.111789E+00 -4.560749E-01  8.444025E-01 -1.842583E+00  1.186911E+00 -3.108934E+00
 7.144326E+00  1.901574E+00  6.809212E+00  1.867830E+00  1.149191E+00  1.042872E+00 -1.015785E+01  1.096336E+01 -3.377056E+00
 6.956920E+00  3.157887E+00  5.850766E+00 -1.257159E+00  1.613236E+00 -1.618416E+00 -6.073477E-01  1.932934E+00 -1.265552E+00
 6.079264E+00  1.967983E+00  8.140483E+00  1.922151E+00 -1.216766E+00 -6.996525E-01  1.778685E-02  8.023457E-02  2.519847E-01
 5.914617E+00  2.980347E+00  9.016516E+00  1.019023E+00  4.882733E-01 -2.880731E-01  4.584261E-01 -4.783094E-01 -5.199402E-01
 7.161483E+00  1.868699E+00  9.190525E+00 -2.784332E-02 -1.886420E+00 -8.180373E-01  5.956167E-01 -1.942049E-01  1.429174E+00
 6.967373E+00  2.967885E+00  8.152838E+00 -9.024777E-02  1.387995E+00  5.039537E-01  7.437537E-01  1.587409E-01  2.257241E+00
 5.949487E+00  4.061879E+00  1.322720E-01  5.103788E-01 -1.700927E-01 -9.068784E-01 -4.457909E-01 -4.269583E-01  1.661976E+00
 5.942181E+00  5.171901E+00  9.641503E-01 -1.153781E+00  4.162405E-01 -1.569157E+00  8.406340E-01 -1.631475E+00  1.690549E-01
 6.929448E+00  3.964344E+00  8.281632E-01  2.005468E+00  7.237039E-01 -6.235830E-01 -6.021069E-01 -3.542180E-01 -1.074712E+00
 7.056131E+00  5.107046E+00  9.360060E-02 -7.907662E-01 -8.429651E-01 -3.507622E-01  9.339791E-01  2.419594E-01  2.552094E+00
 6.147059E+00  4.120115E+00  2.053754E+00  6.898918E-01 -3.653235E-01 -9.248971E-01 -1.035356E+00  2.319565E+00  1.417140E+00
 6.082779E+00  4.962281E+00  3.035162E+00  1.416911E+00  6.507562E-01 -1.633838E+00  8.868951E-02 -1.603988E+00 -1.328994E+00
 7.192356E+00  4.196311E+00  2.982808E+00 -1.712636E+00  6.863628E-02  1.925570E+00 -7.122854E+01 -7.109933E+01  1.590125E+01
 6.983318E+00  5.118669E+00  1.838401E+00 -1.463965E+00 -3.088759E-01  1.780875E+00 -1.115404E+00 -1.247045E+01  1.181952E+01
 5.925368E+00  3.816714E+00  3.930388E+00 -8.348672E-01 -1.110592E+00  9.284736E-01 -1.497426E+00 -3.370660E-01  1.376776E+00
 6.116151E+00  5.137716E+00  4.800253E+00 -7.051332E-01  3.433233E-01  6.369410E-01  2.926642E+00 -2.316372E+01  2.296281E+01
 6.963750E+00  4.045269E+00  4.947595E+00  1.811049E+00 -1.183422E+00 -8.452053E-01  4.996567E-01 -1.772029E+00  1.188000E+00
 7.197691E+00  5.170540E+00  3.965548E+00  1.371589E+00 -2.298997E-01  1.978765E+00 -3.099264E-02  1.322438E+00 -1.296712E+00
 5.854256E+00  3.824211E+00  6.047819E+00 -1.651464E+00  4.850005E-02  2.314431E-01  5.142411E-01 -2.283007E+00  1.399269E+00
 5.926433E+00  5.194639E+00  6.922726E+00  1.746708E+00 -1.658460E-01  1.404430E+00 -1.293546E+00 -8.856191E-01  7.902626E-01
 6.858410E+00  4.082953E+00  7.185175E+00 -1.711755E+00 -3.311384E-01 -1.058258E+00 -3.312665E-03  1.867840E+00  1.637984E+00
 6.957165E+00  4.995948E+00  5.941946E+00 -1.041662E+00 -8.567547E-01  7.914762E-01  1.456610E+00  3.199146E-01  2.858700E-01
 5.891148E+00  4.144769E+00  8.138311E+00 -1.259181E+00 -1.101905E+00 -7.308159E-01 -6.367444E-01  1.366602E+00  7.832549E-01
 5.874374E+00  5.029657E+00  8.967632E+00  2.007843E+00  1.308498E+00 -1.091590E+00 -2.362521E+00 -2.732959E-01 -3.867354E-01
 6.989089E+00  4.104218E+00  8.914284E+00  8.136523E-01 -4.908529E-01 -1.167532E+00  1.631612E+00 -2.812341E-01 -2.420414E+00
 7.134581E+00  4.971641E+00  8.006353E+00 -1.577206E-01  8.181877E-01  5.215533E-01  1.634686E-01 -1.293712E+00  2.126467E+00
 5.909894E+00  5.905237E+00  1.165244E-01 -1.723668E+00 -2.276850E-01 -1.350384E+00 -1.360546E+00  5.303749E-01 -1.559585E+00
 6.101730E+00  7.061492E+00  9.843209E-01 -2.495441E-01  1.117149E+00 -1.633172E-01  9.734239E-01  1.408589E+00  3.055755E-01
 7.035190E+00  5.864107E+00  1.134940E+00 -4.449820E-01 -1.163623E+00 -1.149710E+00 -1.710612E-02  1.008474E+01 -1.023058E+01
 6.896589E+00  6.886831E+00 -1.796647E-01 -1.689210E+00  8.901205E-02  1.943358E+00  6.025923E+00  4.068027E-01  5.053682E+00
 5.944014E+00  5.847587E+00  1.858000E+00  1.746090E+00  1.131338E+00 -1.043193E+00  7.485450E-01 -8.668157E-01 -6.671101E-01
 5.908435E+00  7.153660E+00  2.951037E+00  2.038474E+00 -1.030394E+00 -1.059930E+00 -1.110677E+00  2.868457E+00  2.643514E-01
 7.049313E+00  6.021150E+00  3.102430E+00 -8.387527E-01  1.398055E+00 -1.785704E+00  2.150840E+00 -8.316631E-01  2.226019E+00
 6.995807E+00  6.944510E+00  1.931363E+00 -7.197809E-01  2.187480E-01  1.905848E+00  3.928153E-01  1.723657E-01  4.655106E-02
 6.090359E+00  5.858513E+00  4.128745E+00  5.546339E-01 -1.459198E-01 -1.675683E+00  2.294561E+00  2.485730E+01 -2.194181E+01
 6.045865E+00  6.936198E+00  4.986219E+00  1.525086E+00 -1.930213E+00 -1.909227E+00  2.175478E+00  6.550534E-01  2.638873E-02
 7.130358E+00  6.190149E+00  4.889271E+00  6.177717E-01  1.254228E+00 -6.444349E-01  5.309887E+00 -2.215742E+01  2.433471E+01
 6.951230E+00  6.839603E+00  4.174303E+00  1.146781E-01 -5.269572E-01 -2.512600E-02 -7.037752E+00  2.293323E+01 -2.348376E+01
 6.178712E+00  5.810823E+00  6.024952E+00  1.779087E+00 -1.101024E+00 -1.130591E+00  1.212156E-01  1.745634E+00 -1.106992E+00
 6.076740E+00  7.003505E+00  6.844911E+00 -9.759848E-01  1.730801E+00 -1.639469E+00  1.882144E+00  4.811214E-01 -2.324327E+00
 7.092633E+00  6.069998E+00  6.842339E+00 -1.757463E-01 -9.151667E-01 -1.158845E+00 -2.820752E+00 -5.911698E-01  6.476248E-01
 6.942504E+00  7.129864E+00  5.898294E+00 -1.817010E+00 -3.955583E-01  1.486728E+00 -5.047804E-01  1.252031E+00 -9.138720E-01
 6.077273E+00  5.930576E+00  8.175473E+00  4.745229E-01 -1.225081E+00 -6.578152E-01  9.466971E-01 -1.490611E+00  1.533983E+00
 6.068419E+00  6.998383E+00  9.185422E+00 -5.718711E-01 -4.121614E-01  8.847702E-01 -7.254070E+00  2.781204E+00 -6.420680E+00
 7.075995E+00  5.919745E+00  8.815966E+00  2.024529E+00 -1.235827E+00 -1.425895E+00 -7.956875E-01  6.442533E-02 -1.430195E+00
 6.965294E+00  7.062127E+00  8.087189E+00  6.556852E-01 -1.907240E+00 -7.003701E-01 -4.718193E-01 -5.459603E-02  1.775969E+00
 6.005609E+00  8.024367E+00  3.915470E-02  1.783430E-01 -1.528611E+00 -1.875677E+00  1.516020E+00  2.428297E-01 -8.147808E-02
 5.858200E+00  9.093085E+00  8.419194E-01  1.947022E+00 -1.677942E+00 -1.141634E-01  1.986294E+01  1.945319E+00  1.755617E+01
 6.927702E+00  8.074015E+00  8.052480E-01  3.131287E-01  4.766031E-01  4.475385E-01 -1.054987E+00  1.540606E-01 -2.195981E+00
 7.115496E+00  8.978571E+00  5.536660E-02 -1.032158E+00  2.493784E-01 -4.330447E-01  5.342865E-01 -5.415286E-01 -1.596931E-01
 6.073764E+00  7.918737E+00  2.045676E+00  5.862941E-01 -1.798325E+00  2.132251E-01  8.977690E-02 -2.381419E+00  7.345541E-01
 5.834011E+00  9.197424E+00  2.959088E+00  9.069139E-01  1.434449E+00  1.418055E+00 -1.218287E+00  2.068603E+00 -3.096320E-01
 7.055368E+00  7.970614E+00  2.842547E+00  2.002066E+00 -3.941927E-01 -5.626697E-01 -4.650170E-01 -8.987834E-01 -8.325201E-01
 6.963450E+00  9.183738E+00  2.049009E+00 -2.106205E-01  1.247673E+00  8.542350E-01 -4.022816E-01  2.246811E+00  9.503646E-01
 6.180610E+00  7.905990E+00  3.950995E+00  3.317697E-02 -3.827070E-02  1.287260E+00  4.043712E-01 -2.100449E+00 -4.968655E-02
 5.831071E+00  9.058145E+00  5.197683E+00 -4.707099E-01 -3.920330E-01  1.671284E+00 -1.929771E+00  7.182126E-01  1.345792E+00
 7.046601E+00  7.904696E+00  4.805575E+00  1.782493E+00 -8.821695E-01  5.355147E-01  6.264124E-02 -2.849085E+00 -1.040044E+00
 7.109456E+00  8.898169E+00  4.148138E+00  2.022314E+00  5.167057E-01  3.212011E-01  1.188390E+00 -4.982301E-01 -4.653944E-01
 5.971148E+00  7.973896E+00  5.824322E+00 -1.050162E-01 -5.620748E-01  9.556858E-01 -8.403181E-01 -1.416699E+00 -7.452135E-01
 5.808329E+00  8.945080E+00  6.970776E+00  5.498795E-02 -1.509391E+00  2.704639E-01  4.608118E-01  4.557118E+00 -1.006231E+00
 7.042926E+00  7.906659E+00  6.888029E+00  1.605409E+00 -1.315938E+00  1.421666E+00  1.260765E+00 -1.570304E+00 -1.263194E+00
 7.012023E+00  9.084681E+00  6.149373E+00  1.673552E+00 -7.747509E-02  8.176811E-01 -4.072187E-01  1.574077E+00  1.197790E+00
 5.804812E+00  7.970005E+00  8.168750E+00 -9.543819E-01 -1.218539E-01 -4.390094E-01  1.790738E+00  3.138205E+00 -1.409396E-01
 6.184895E+00  9.107149E+00  9.064444E+00  1.165562E+00 -1.136935E+00 -1.494447E+00  1.978145E+00  4.669434E-01  3.463962E-02
 6.840588E+00  7.900913E+00  9.018792E+00 -3.621154E-01 -1.124141E+00  1.995179E-02 -1.668711E+00 -1.001426E+00  1.643965E+00
 7.129699E+00  9.160030E+00  8.144947E+00 -1.777244E+00 -7.543370E-01  8.493414E-02 -3.239100E-01  1.293523E+00  2.109673E+00
 8.070772E+00  1.538059E-01  4.969390E-02 -1.815122E+00 -1.309450E+00  1.604995E+00 -3.524525E+00 -1.134950E+00 -5.799514E+00
 8.196919E+00  9.704160E-01  8.077955E-01 -1.413425E+00 -1.707420E+00 -1.863730E+00  9.450295E-01  2.344486E+00  4.161535E-01
 8.812441E+00 -3.289530E-02  8.307081E-01  8.229339E-02 -2.824215E-01 -1.135913E+00  1.667895E+00 -1.968038E+00  3.865989E-01
 8.833653E+00  9.493297E-01 -1.519496E-01  6.604198E-01 -1.200264E+00 -1.225876E+00  8.696947E-01  7.957304E-01  3.719774E-01
 7.954276E+00 -1.146364E-01  2.001864E+00  5.664622E-01 -6.073351E-02 -1.797828E+00 -4.387456E-01 -6.984130E-01 -6.118793E-01
 7.857652E+00  1.056301E+00  2.919294E+00  3.925153E-01 -1.258339E+00  8.994748E-01 -6.293176E-01  6.068041E-01 -1.353246E-01
 9.008422E+00  7.969720E-02  3.087198E+00 -5.896248E-01 -1.027335E+00 -1.900867E+00  1.387411E+00  6.564467E-01  1.109195E+00
 9.021296E+00  8.710404E-01  2.113199E+00  1.258529E+00 -1.901026E+00  1.607110E+00 -1.842340E-01  1.818966E+00  2.032275E+00
 7.926912E+00  9.279530E-02  4.055002E+00  1.680431E+00  9.072890E-01 -4.030868E-01 -8.097264E-01 -1.434099E+00  1.602430E-01
 7.808656E+00  9.390398E-01  4.890374E+00  1.429642E-01  1.545081E+00  5.377912E-01 -6.469484E-01  7.594939E-01  1.359673E+00
 9.135697E+00 -1.959571E-01  4.943188E+00 -1.567067E+00 -2.007248E+00 -1.268806E+00  1.912050E+00  4.319630E-01  8.068210E-01
 9.190668E+00  1.058999E+00  3.897030E+00 -1.510709E+00 -9.294011E-01  1.800563E+00 -6.166611E+00 -1.547318E+00  8.779432E+00
 7.816500E+00 -4.243800E-02  6.104795E+00  1.824749E+00 -5.185108E-01 -1.360754E+00 -1.427282E+00 -9.093436E-01  2.336828E-01
 7.830377E+00  1.155722E+00  6.965387E+00 -7.768244E-01  7.472377E-01  1.107128E+00  1.085766E+01 -1.069297E+01  1.365287E+00
 8.940952E+00 -7.488480E-02  7.082807E+00 -3.986692E-01  1.815022E+00 -6.363144E-02 -6.996409E-01 -1.425567E+00  1.739544E+00
 8.947455E+00  1.113855E+00  6.193950E+00  4.232085E-01  8.819351E-01 -6.599680E-01  3.435239E-01  3.307355E+00  1.685975E+00
 7.937532E+00 -5.220750E-02  8.045910E+00 -1.054130E+00  4.726646E-01  1.363023E+00  6.472930E-01  5.938997E-01  1.729620E+00
 8.010137E+00  9.906591E-01  9.069657E+00  1.997735E+00 -1.580256E+00  7.919493E-01 -1.054682E+00 -1.981609E+00  1.614665E+00
 8.809250E+00  6.672890E-02  9.010618E+00 -1.539736E-01 -1.992528E+00 -1.883288E+00 -2.660751E+00 -1.510749E-01  1.400095E+00
 9.059026E+00  9.379207E-01  7.873386E+00  1.309729E+00  1.258045E+00 -1.423906E+00  3.723295E-01 -4.816809E-01 -4.283832E-01
 8.191296E+00  2.054879E+00  6.230940E-02 -1.567732E+00 -1.583849E+00 -7.643118E-01 -1.319519E-01 -4.850928E+00 -2.543187E-01
 7.800331E+00  2.877931E+00  1.183943E+00  1.761658E+00  1.655251E+00 -2.233145E-01 -3.328711E-01 -9.468690E-01  9.276033E-02
 9.107099E+00  1.829160E+00  1.002557E+00  1.293540E+00  4.935086E-01 -1.839747E+00 -1.128260E+00 -9.045791E-01  6.970680E-02
 8.854409E+00  2.943797E+00  6.235100E-02 -1.002894E-01  1.252649E+00  1.485707E+00  1.534011E+00  2.245258E+00 -1.068598E+00
 8.181762E+00  1.860629E+00  1.833787E+00  1.476301E-01  6.797796E-01 -3.062813E-01  1.058005E+00 -8.962557E-01 -7.264655E-01
 7.877061E+00  2.830637E+00  3.001384E+00 -1.777855E+00  6.541322E-01 -6.088981E-01 -9.567959E-02 -1.211564E+00  2.928316E+00
 9.103949E+00  2.060183E+00  2.882178E+00 -4.489118E-02  1.488305E+00  9.479325E-01 -6.319311E+00  3.422161E-01  6.948062E+00
 9.195977E+00  3.070735E+00  1.865654E+00  4.079316E-01  6.269877E-01  1.126342E+00 -2.051230E+01 -3.946605E+00  2.693900E+01
 7.899078E+00  1.880818E+00  3.941733E+00  2.995481E-01  1.758851E+00  8.411413E-01 -3.892981E+00 -8.684963E-01 -5.278646E-01
 7.942857E+00  3.112737E+00  5.075056E+00 -9.097174E-01 -1.423891E+00  1.377991E+00 -9.423001E-01  5.377922E-01  1.286040E+00
 8.989931E+00  2.187339E+00  5.155005E+00 -1.298952E+00 -8.534131E-01 -5.214087E-01  1.156116E-01  2.203284E+00  2.669023E+00
 9.050386E+00  3.086580E+00  3.893371E+00  8.602821E-01 -2.874045E-01  1.345608E+00  3.243370E+00  2.504680E+00 -2.392593E-01
 7.983625E+00  1.880323E+00  5.891328E+00 -8.464776E-01  6.636201E-01  2.786590E-01  6.694752E-01 -8.484034E-01  1.778500E+00
 8.005746E+00  2.916818E+00  6.912471E+00 -9.175170E-02  1.511145E+00 -3.518116E-01  1.193070E+00 -2.776162E+00 -5.944965E-01
 8.890001E+00  2.077350E+00  6.865615E+00  1.505670E+00 -8.003670E-01  1.608810E+00 -1.728854E-02  5.032374E-01 -1.729143E+00
 9.049933E+00  3.139402E+00  5.925005E+00 -8.508833E-01 -8.139063E-01 -6.225208E-01  1.413573E+00 -4.147370E-01  4.659236E-01
 7.970579E+00  2.128432E+00  7.924995E+00 -1.313574E+00 -1.707554E-01 -7.495915E-01 -2.789883E-01  1.180126E+00 -2.226569E+00
 7.867761E+00  3.146289E+00  9.062865E+00  1.147176E+00  5.489667E-01  1.964132E+00  2.297735E-02  1.917152E+00 -1.076009E+00
 9.083455E+00  1.803956E+00  9.099874E+00  1.995793E+00  1.027750E+00  1.021637E+00  4.325203E-01 -9.039831E-01  9.972028E-01
 8.811923E+00  2.913752E+00  8.184561E+00  4.961532E-01 -1.355906E-01 -1.533002E+00 -1.218374E+00  5.842929E-01  1.605738E+00
 8.000318E+00  4.026776E+00  1.378324E-01 -1.182812E+00 -1.554734E+00 -1.627795E+00  4.535446E-01  1.554057E+00 -3.038777E-01
 8.196811E+00  5.137591E+00  8.313262E-01  3.727521E-01  1.306343E-01 -2.381841E-01 -2.665626E+00 -2.412327E+01  2.536136E+01
 8.972350E+00  3.904412E+00  1.195014E+00 -1.825939E+00 -1.236656E+00  1.155047E+00 -1.521097E-01  3.080800E+00 -1.036112E+00
 8.983854E+00  4.937659E+00  1.056312E-01 -1.261373E+00  7.781204E-01 -5.659918E-01  1.421765E+00  6.342623E-01 -4.258146E+00
 7.830805E+00  4.175518E+00  1.935187E+00 -1.101299E+00  1.867933E+00  3.952522E-01 -2.200407E-01 -1.312941E-01 -1.450223E+00
 7.814417E+00  4.849688E+00  2.807870E+00  1.921503E+00  1.601034E+00  7.469334E-01  6.812766E+01  7.405055E+01 -1.694313E+01
 8.982199E+00  3.895122E+00  2.980944E+00  1.251296E+00  1.013867E+00 -1.105431E+00  2.624970E+00  1.470109E-01  1.015335E+00
 8.929810E+00  4.829105E+00  2.128176E+00 -1.460987E+00  9.679421E-01 -1.733534E+00 -1.054943E+00 -2.669099E+00  9.311406E-01
 7.874738E+00  4.163155E+00  3.849507E+00  7.548280E-01 -1.928872E+00 -1.068263E+00  1.273766E+00  1.369509E+00  8.863163E-01
 8.158194E+00  5.112795E+00  5.055253E+00  1.226586E+00 -1.455006E+00 -1.891865E+00  1.304438E+00  1.056824E+00  2.674727E-01
 9.121021E+00  3.879213E+00  4.885308E+00  1.365572E+00 -1.794475E+00  1.592650E+00  2.169898E+00 -1.879477E-01 -5.587002E-01
 9.107474E+00  4.868087E+00  4.011187E+00 -2.659431E-01  8.721968E-01  2.344922E-01  1.191784E+00 -1.568965E+00  1.024028E+00
 7.881666E+00  3.914483E+00  5.942163E+00 -1.056488E+00  1.379806E+00  8.884584E-01 -9.635965E-01 -1.741900E+00 -1.505671E+00
 7.851198E+00  5.000246E+00  7.131532E+00  1.808054E+00 -7.098482E-01  5.232378E-01  1.927350E-01  2.426754E+00  1.001006E+00
 9.142807E+00  3.875457E+00  6.947487E+00  2.469301E-01 -5.853721E-01 -9.079690E-01  1.628251E+00 -3.740837E-01 -3.024110E+00
 9.195185E+00  4.838656E+00  5.818113E+00 -1.094580E+00 -2.005419E+00  4.398558E-01 -1.508133E+01 -4.168082E+00  1.648486E+01
 7.988127E+00  4.120299E+00  8.154450E+00 -5.966713E-01  1.740011E+00  2.533679E-01 -1.155405E+00  1.907642E+00  2.542772E+00
 8.141680E+00  4.899128E+00  9.058498E+00  1.915798E+00 -2.334946E-01 -8.637011E-02  5.888432E-01 -1.802301E+00 -5.907564E-01
 8.863540E+00  3.921105E+00  8.941467E+00 -7.778267E-01 -1.572991E+00 -1.063306E+00 -1.813053E+00 -1.409887E+00 -6.071028E-02
 8.830358E+00  5.128724E+00  7.926404E+00  7.588951E-01  1.242624E+00  1.980220E+00 -1.290650E+00 -8.571151E-01  7.839199E-01
 8.149660E+00  5.857867E+00  1.622497E-01 -9.876717E-01 -1.463676E+00 -4.103708E-02 -5.075236E-01  2.223631E+01 -2.229891E+01
 8.143816E+00  7.183608E+00  1.006127E+00  1.467741E+00  1.190544E+00 -1.587762E+00  1.720396E+00 -4.762687E-03  2.179874E+00
 9.162825E+00  6.155348E+00  1.028030E+00  1.307825E+00  1.226142E+00  9.332573E-01 -1.820057E+00  4.006934E-01 -3.009701E-02
 8.940002E+00  7.175761E+00 -1.684251E-01 -3.161433E-01  1.742269E+00 -6.814668E-01  6.131094E-01  9.806710E-01 -1.884138E+00
 8.019743E+00  6.061899E+00  1.940672E+00 -4.623705E-01  1.253354E+00 -1.082146E+00 -3.232828E+00 -8.292381E-01 -1.297756E-01
 8.039265E+00  6.830682E+00  2.970607E+00 -9.004818E-01  5.145765E-01 -7.883326E-01  1.921480E+00 -1.825483E+00 -1.080260E+00
 9.064636E+00  6.153633E+00  3.021688E+00  1.165040E+00  1.431655E-01  1.218512E+00 -4.503292E-01  2.512812E+00  3.801594E-01
 8.819149E+00  6.829470E+00  1.986391E+00  2.935893E-01  1.726031E+00 -1.351148E+00  1.133478E-01  1.803010E+00  1.406506E+00
 8.105593E+00  6.063154E+00  3.916963E+00  1.216554E+00  6.445942E-01  3.306400E-01 -6.276589E+00 -4.191137E+00 -1.269604E+00
 7.941492E+00  7.123866E+00  5.061960E+00 -1.681066E+00  2.855818E-01  6.173142E-01 -3.155665E+00  5.144174E-01 -1.235175E-01
 9.048362E+00  5.926318E+00  5.086453E+00  1.047414E+00 -5.405603E-01 -1.396096E+00  1.865953E+00 -2.290757E+00  8.104037E-01
 8.802160E+00  6.875437E+00  3.968671E+00 -6.013735E-01  1.807853E+00 -1.871026E+00  3.956800E+00  3.681019E+00 -1.716606E+00
 7.911789E+00  5.880907E+00  6.134785E+00 -8.203668E-01  7.356450E-01 -1.345871E+00  1.922002E+00 -2.014175E+00 -1.410298E+00
 8.108223E+00  7.164503E+00  7.068049E+00 -1.813462E+00  1.329128E-01  8.669910E-01  3.151043E-01  1.500648E+00 -3.329888E-01
 8.953477E+00  6.034494E+00  6.898611E+00  1.395563E+00  1.002232E+00 -1.321146E+00 -2.030985E-01  1.797196E+00  1.250658E+00
 9.135301E+00  7.112209E+00  6.112737E+00 -1.846197E+00 -1.994887E+00 -7.249916E-01 -6.585511E-01  7.568638E-01  5.988958E-01
 8.152905E+00  6.000385E+00  7.804142E+00  8.178235E-01  3.196481E-01  1.804468E-01 -1.056226E+00  1.356010E+00 -1.569067E+00
 8.199975E+00  6.906492E+00  8.866764E+00 -1.188215E+00 -1.711340E+00 -1.217335E+00  2.489770E+00 -6.378736E-01 -6.912362E-01
 9.078042E+00  6.023343E+00  8.971413E+00 -8.731695E-01  1.294958E+00 -1.910225E+00 -2.431123E-01  1.765678E+00 -2.039830E+00
 9.160089E+00  7.068379E+00  8.014938E+00 -1.245639E+00  1.401957E+00  1.218925E+00  4.030753E-01 -1.617376E+00 -1.216063E+00
 7.894338E+00  8.081918E+00 -1.794365E-01  1.353352E+00 -1.612473E+00  7.293682E-01 -4.845244E-01  8.062423E-02  1.413405E+00
 8.119807E+00  8.975499E+00  9.077125E-01  9.407446E-01  1.293013E+00 -9.673666E-01  1.633245E+00  1.397825E+00 -1.558581E+00
 9.078098E+00  8.185249E+00  9.632881E-01  4.371727E-02  2.774662E-01  7.318548E-01 -2.179623E-01  8.747039E-01 -2.764482E-01
 9.005372E+00  9.127055E+00 -8.205510E-02 -1.041924E+00 -1.090248E+00 -6.030767E-01 -1.355826E+00  5.778329E-01  5.984536E-02
 8.017702E+00  7.864251E+00  2.149490E+00  5.145912E-01 -1.339262E+00 -1.879926E+00  7.839243E-01 -3.217187E+00  8.449714E-01
 8.021713E+00  9.112657E+00  3.162706E+00  6.007523E-01 -1.797240E-01  1.100721E+00 -1.856133E-01  1.130894E+00  2.248371E+00
 9.108349E+00  7.882250E+00  2.891741E+00  1.642769E+00  1.663665E+00  7.121740E-01 -2.109362E-01 -2.093741E+00 -1.263790E+00
 8.956874E+00  9.073113E+00  1.908928E+00 -2.296965E-01 -1.340954E+00  1.150734E+00 -3.436212E-01  2.345667E-01 -2.285473E+00
 7.967622E+00  8.166444E+00  3.905754E+00  1.384710E+00  4.752337E-01  8.141491E-01 -1.058346E+00  1.112535E+00  1.157805E-01
 8.166646E+00  9.026661E+00  5.167724E+00 -2.160933E-01 -1.523174E-01  9.325751E-01  1.156155E+00  9.745658E-01 -5.097750E-01
 9.090572E+00  7.926540E+00  5.117619E+00  2.060038E-01  6.442359E-01 -1.838855E+00  2.062737E+00 -3.581406E-02  2.180705E+00
 8.929413E+00  9.181168E+00  4.046558E+00  1.816800E+00  1.018855E+00 -1.106655E+00 -1.920751E+00  3.148479E-01 -2.569518E+00
 7.850347E+00  7.889226E+00  6.085004E+00 -1.453575E+00  5.501712E-01  1.039513E+00  1.405843E+00 -1.087640E+00  9.947378E-01
 8.076898E+00  8.822644E+00  7.149503E+00  1.988493E-01  7.559640E-02 -1.011530E+00 -3.716717E+00  1.113077E+01 -6.893296E+00
 8.804389E+00  8.070655E+00  6.908645E+00 -2.470133E-01  8.962274E-01  1.691552E+00  3.436593E+00 -5.948329E+00 -2.325635E+00
 9.047269E+00  8.926862E+00  6.197564E+00 -1.395832E+00  1.894808E+00 -7.779965E-01  4.213210E-01 -8.586213E-01 -3.948486E-01
 8.099142E+00  8.111598E+00  7.917588E+00 -4.812973E-01  3.936658E-01 -1.361836E+00  1.153728E+00 -7.322321E+00  5.464929E+00
 8.004768E+00  8.933428E+00  9.100655E+00  4.266159E-01  6.487477E-01 -1.373263E+00  6.989373E-01  2.710228E+00 -8.525262E-01
 9.124365E+00  8.167798E+00  9.164299E+00 -7.930535E-01 -1.475537E+00 -1.616263E+00 -1.572685E+00  1.556507E+00  1.451308E-01
 9.091150E+00  9.138640E+00  8.128941E+00  1.033315E+00  1.663959E+00  5.570234E-01 -3.455938E-01  1.469073E+00  2.950781E-01
